3254
10 10 
15 15 10 10
17 11 10 10
16 14 10 10
10 17 10 10
17 13 10 10
17 13 10 10
17 13 10 10
17 13 10 10
17 13 10 10
17 10 10 10
12 17 10 10
17 12 10 10
15 15 10 10
17 13 10 10
16 14 10 10
15 15 10 10
17 13 10 10
16 14 10 10
17 11 10 10
17 11 10 10
11 17 10 10
14 16 10 10
17 10 10 10
17 13 10 10
15 15 10 10
17 13 10 10
15 15 10 10
17 13 10 10
17 13 10 10
17 13 10 10
15 16 10 10
12 17 10 10
23 17 17 13
24 13 17 13
23 16 17 13
23 16 17 13
23 17 17 13
23 17 17 13
23 16 17 13
23 16 17 13
24 10 17 10
24 16 17 13
11 24 11 17
19 22 15 16
23 16 17 13
23 17 17 13
24 14 17 13
23 16 17 13
23 16 17 13
24 13 17 13
24 16 17 13
24 16 17 13
23 16 17 13
24 16 17 13
24 10 17 10
18 23 15 16
23 17 17 13
23 17 17 13
23 16 17 13
23 16 17 13
12 24 11 17
23 17 17 13
24 14 17 13
24 16 17 13
31 16 24 16
31 17 24 16
11 31 11 24
30 19 24 16
22 29 18 23
31 18 24 16
22 29 18 23
30 20 24 16
30 19 24 16
30 19 24 16
30 19 24 16
31 16 24 16
30 20 24 16
30 21 24 16
19 30 18 23
31 18 24 16
25 27 19 22
31 18 24 16
30 19 24 16
30 19 24 16
31 17 24 16
31 17 24 16
23 29 18 23
31 16 24 16
11 31 11 24
31 17 24 16
31 19 24 16
31 19 24 16
30 19 24 16
30 19 24 16
23 28 18 23
12 31 12 24
38 19 31 19
38 21 31 19
31 32 25 27
28 34 23 29
37 24 30 21
30 32 25 27
38 19 31 19
38 22 31 19
38 19 31 19
38 20 31 19
20 37 19 30
36 24 30 21
38 21 31 19
38 20 31 19
20 37 19 30
31 32 25 27
28 35 23 29
38 21 31 19
20 37 19 30
37 24 30 21
28 35 23 29
39 18 31 18
38 16 31 16
37 24 30 21
36 25 30 21
38 19 31 19
26 35 23 29
37 24 30 21
20 37 19 30
37 24 30 21
37 24 30 21
38 22 31 19
37 36 31 32
33 40 28 35
43 27 37 24
46 19 39 18
30 42 28 35
37 37 31 32
43 27 37 24
43 27 37 24
45 25 38 22
45 25 38 22
43 27 37 24
31 42 28 35
45 25 38 22
32 41 28 35
45 25 38 22
43 28 37 24
45 24 38 22
45 24 38 22
43 27 37 24
31 42 28 35
43 27 37 24
43 28 37 24
45 24 38 22
44 27 37 24
45 24 38 22
43 27 37 24
31 42 28 35
43 27 37 24
46 18 39 18
44 27 37 24
43 27 37 24
46 18 39 18
53 19 46 19
36 48 31 42
53 20 46 19
52 26 45 25
31 49 31 42
53 19 46 19
42 42 37 37
50 31 44 27
53 18 46 18
53 20 46 19
35 48 31 42
52 27 45 25
53 19 46 19
52 26 45 25
52 27 45 25
29 49 30 42
35 48 31 42
50 30 44 27
35 48 31 42
53 20 46 19
50 30 44 27
50 30 44 27
32 49 31 42
50 30 44 27
53 19 46 19
53 18 46 18
50 30 44 27
52 28 45 25
52 27 45 25
50 31 44 27
53 19 46 19
52 27 45 25
59 31 52 28
60 21 53 20
58 32 52 28
60 20 53 20
56 35 50 31
58 31 52 28
41 53 36 48
59 31 52 28
38 55 36 48
56 35 50 31
58 31 52 28
61 18 53 18
56 35 50 31
59 30 52 28
48 46 42 42
60 20 53 20
41 54 36 48
58 32 52 28
58 32 52 28
60 20 53 20
58 32 52 28
60 20 53 20
59 31 52 28
58 31 52 28
58 31 52 28
59 29 52 28
60 20 53 20
59 29 52 28
56 35 50 31
59 28 52 28
29 56 29 49
60 20 53 20
65 34 59 31
68 18 61 18
66 34 59 31
66 32 59 31
66 34 59 31
54 50 48 46
65 35 59 31
65 34 59 31
68 18 61 18
66 34 59 31
54 50 48 46
46 59 41 54
68 19 61 18
66 33 59 31
68 19 61 18
65 34 59 31
66 32 59 31
65 34 59 31
45 60 41 54
65 34 59 31
65 34 59 31
45 60 41 54
40 62 38 55
66 33 59 31
47 59 41 54
65 35 59 31
29 63 29 56
65 35 59 31
65 35 59 31
66 32 59 31
66 32 59 31
72 37 66 34
72 37 66 34
72 37 66 34
48 67 45 60
50 66 47 59
72 37 66 34
75 19 68 19
72 37 66 34
72 37 66 34
72 37 66 34
72 37 66 34
75 18 68 18
52 64 47 59
52 64 47 59
72 37 66 34
72 37 66 34
72 37 66 34
73 37 66 34
42 69 40 62
73 35 66 34
42 69 40 62
73 37 66 34
52 64 47 59
73 36 66 34
72 37 66 34
72 38 66 34
53 64 47 59
72 37 66 34
50 66 47 59
73 37 66 34
72 37 66 34
58 69 53 64
79 40 73 37
80 37 73 37
79 41 73 37
79 40 73 37
82 19 75 19
80 40 73 37
79 40 73 37
57 70 53 64
80 39 73 37
80 40 73 37
79 40 73 37
79 40 73 37
79 40 73 37
80 40 73 37
80 40 73 37
79 41 73 37
44 76 42 69
42 76 42 69
80 39 73 37
24 40 31 42
82 18 75 18
79 40 73 37
79 40 73 37
51 74 48 67
80 39 73 37
80 37 73 37
79 41 73 37
79 40 73 37
79 40 73 37
79 40 73 37
51 74 48 67
86 44 80 40
86 43 80 40
86 43 80 40
64 74 58 69
86 43 80 40
87 42 80 40
86 44 80 40
86 43 80 40
45 83 44 76
41 83 42 76
86 43 80 40
86 43 80 40
86 43 80 40
89 18 82 18
62 76 57 70
64 73 58 69
86 43 80 40
86 43 80 40
63 74 58 69
89 18 82 18
86 44 80 40
61 76 57 70
86 43 80 40
87 40 80 40
87 41 80 40
87 41 80 40
86 44 80 40
86 43 80 40
86 44 80 40
53 81 51 74
86 44 80 40
63 74 58 69
92 47 86 44
96 18 89 18
92 47 86 44
92 47 86 44
40 90 41 83
92 48 86 44
94 45 87 42
94 43 87 42
70 78 64 74
93 47 86 44
94 45 87 42
92 47 86 44
66 82 62 76
93 47 86 44
69 79 64 74
92 48 86 44
56 88 53 81
94 43 87 42
92 47 86 44
92 48 86 44
92 47 86 44
96 18 89 18
92 47 86 44
65 83 62 76
96 18 89 18
67 81 62 76
41 90 41 83
92 47 86 44
69 79 64 74
21 33 24 40
92 47 86 44
94 42 87 42
56 95 56 88
103 19 96 18
76 82 70 78
75 83 70 78
58 95 56 88
39 97 40 90
59 95 56 88
58 95 56 88
101 48 94 45
59 95 56 88
58 95 56 88
103 18 96 18
57 95 56 88
110 19 103 19
107 51 101 48
107 51 101 48
107 52 101 48
107 52 101 48
107 51 101 48
107 51 101 48
108 50 101 48
110 19 103 19
110 18 103 18
108 51 101 48
108 51 101 48
108 50 101 48
107 52 101 48
107 51 101 48
107 51 101 48
108 49 101 48
107 51 101 48
107 52 101 48
82 86 76 82
107 51 101 48
61 102 59 95
107 51 101 48
110 19 103 19
110 19 103 19
108 49 101 48
81 87 76 82
107 51 101 48
107 51 101 48
107 51 101 48
107 52 101 48
114 54 108 51
114 54 108 51
114 54 108 51
115 52 108 51
114 55 108 51
88 90 82 86
115 51 108 51
114 54 108 51
115 53 108 51
114 54 108 51
117 19 110 19
85 93 81 87
114 55 108 51
115 49 108 49
115 52 108 51
115 53 108 51
86 92 81 87
114 54 108 51
117 19 110 19
114 54 108 51
118 18 110 18
114 54 108 51
114 54 108 51
114 56 108 51
117 19 110 19
117 19 110 19
37 104 39 97
114 54 108 51
114 54 108 51
85 93 81 87
115 52 108 51
114 54 108 51
122 53 115 53
125 18 118 18
125 18 118 18
87 100 85 93
125 18 118 18
63 109 61 102
120 59 114 56
120 59 114 56
120 59 114 56
121 58 114 56
125 18 118 18
120 59 114 56
87 100 85 93
125 18 118 18
90 98 85 93
62 109 61 102
62 109 61 102
120 59 114 56
122 53 115 53
125 18 118 18
125 18 118 18
61 109 61 102
88 100 85 93
119 61 114 56
120 59 114 56
120 59 114 56
120 59 114 56
120 59 114 56
61 109 61 102
125 18 118 18
120 59 114 56
94 94 88 90
129 54 122 53
132 18 125 18
93 105 88 100
95 103 90 98
127 61 121 58
132 18 125 18
127 61 121 58
128 61 121 58
96 102 90 98
127 61 121 58
127 62 121 58
127 62 121 58
128 61 121 58
128 60 121 58
129 54 122 53
63 116 63 109
96 102 90 98
127 61 121 58
124 66 119 61
127 61 121 58
124 66 119 61
129 53 122 53
127 62 121 58
128 61 121 58
125 65 119 61
96 103 90 98
125 65 119 61
127 61 121 58
127 61 121 58
127 61 121 58
115 42 115 49
135 62 128 61
135 63 128 61
134 65 128 61
135 63 128 61
135 62 128 61
135 63 128 61
134 65 128 61
134 65 128 61
134 65 128 61
134 65 128 61
134 65 128 61
136 54 129 54
135 63 128 61
136 54 129 54
136 54 129 54
139 18 132 18
134 65 128 61
101 108 96 103
63 123 63 116
101 108 96 103
139 18 132 18
134 65 128 61
102 107 96 103
66 123 63 116
102 108 96 103
136 54 129 54
134 65 128 61
66 123 63 116
134 65 128 61
135 62 128 61
134 65 128 61
134 65 128 61
106 114 102 108
142 66 135 63
140 69 134 65
141 68 134 65
141 68 134 65
140 68 134 65
143 54 136 54
140 68 134 65
140 69 134 65
140 69 134 65
140 68 134 65
146 18 139 18
140 68 134 65
143 54 136 54
108 112 102 108
140 68 134 65
142 66 135 63
142 65 135 63
69 130 66 123
63 130 63 123
141 68 134 65
58 129 63 123
140 68 134 65
35 74 42 76
140 68 134 65
141 68 134 65
142 64 135 63
142 65 135 63
140 68 134 65
142 64 135 63
140 68 134 65
143 54 136 54
147 72 141 68
114 116 108 112
114 116 108 112
153 18 146 18
109 121 106 114
147 72 141 68
147 72 141 68
111 119 106 114
149 66 142 66
147 72 141 68
148 71 141 68
147 72 141 68
149 69 142 66
147 72 141 68
147 72 141 68
147 72 141 68
149 69 142 66
63 137 63 130
147 72 141 68
153 18 146 18
148 71 141 68
113 117 108 112
153 18 146 18
147 72 141 68
153 19 146 18
149 68 142 66
147 72 141 68
149 66 142 66
149 68 142 66
147 72 141 68
148 11 146 18
149 66 142 66
154 75 148 71
119 121 114 116
112 128 109 121
154 75 148 71
113 127 109 121
156 69 149 69
156 71 149 69
154 75 148 71
114 126 109 121
154 75 148 71
160 20 153 19
154 75 148 71
154 75 148 71
155 74 148 71
160 19 153 19
154 75 148 71
161 19 153 19
154 75 148 71
63 144 63 137
61 144 63 137
156 71 149 69
160 19 153 19
116 124 111 119
152 78 147 72
156 71 149 69
154 75 148 71
154 75 148 71
154 75 148 71
112 128 109 121
74 33 80 37
156 71 149 69
154 75 148 71
125 125 119 121
162 77 155 74
163 73 156 71
126 123 119 121
115 135 112 128
114 135 112 128
162 77 155 74
161 78 155 74
168 19 161 19
168 19 161 19
154 7 148 11
158 82 152 78
161 78 155 74
161 78 155 74
65 151 63 144
158 82 152 78
27 37 21 33
161 78 155 74
59 151 61 144
161 78 155 74
117 134 112 128
125 125 119 121
125 125 119 121
163 71 156 71
161 78 155 74
161 78 155 74
16 38 21 33
162 77 155 74
57 150 61 144
161 78 155 74
61 151 61 144
161 78 155 74
57 158 59 151
168 81 162 77
168 81 162 77
168 81 162 77
77 130 69 130
131 129 125 125
169 78 162 77
175 20 168 19
117 142 115 135
168 81 162 77
131 129 125 125
170 74 163 73
58 158 59 151
164 87 158 82
121 140 117 134
169 80 162 77
170 73 163 73
168 81 162 77
168 81 162 77
168 81 162 77
131 129 125 125
65 158 65 151
170 73 163 73
168 81 162 77
68 158 65 151
169 79 162 77
175 19 168 19
168 81 162 77
131 118 126 123
168 81 162 77
168 81 162 77
169 79 162 77
124 147 121 140
175 84 169 80
176 82 169 80
170 91 164 87
175 84 169 80
175 84 169 80
11 43 16 38
182 20 175 20
175 84 169 80
150 53 143 54
175 84 169 80
170 91 164 87
182 19 175 19
175 84 169 80
175 84 169 80
175 84 169 80
175 84 169 80
182 20 175 20
120 149 117 142
175 84 169 80
175 84 169 80
176 82 169 80
176 81 169 80
175 84 169 80
135 135 131 129
175 84 169 80
170 91 164 87
176 82 169 80
124 147 121 140
175 84 169 80
175 84 169 80
169 92 164 87
181 88 175 84
181 88 175 84
181 88 175 84
183 84 176 82
181 88 175 84
181 88 175 84
181 88 175 84
57 165 57 158
183 84 176 82
141 139 135 135
181 88 175 84
181 88 175 84
183 82 176 82
176 95 170 91
181 88 175 84
56 165 57 158
74 162 68 158
125 73 124 66
182 87 175 84
183 83 176 82
183 82 176 82
119 71 124 66
26 28 21 33
181 88 175 84
129 152 124 147
176 95 170 91
181 88 175 84
181 88 175 84
189 19 182 19
189 21 182 20
181 88 175 84
181 88 175 84
188 91 182 87
188 91 182 87
196 21 189 21
76 169 74 162
189 90 182 87
130 159 129 152
187 76 183 82
130 159 129 152
196 23 189 21
188 91 182 87
190 86 183 84
188 91 182 87
188 91 182 87
131 159 129 152
196 21 189 21
188 91 182 87
134 157 129 152
190 85 183 84
196 22 189 21
188 91 182 87
182 99 176 95
188 91 182 87
55 172 56 165
182 99 176 95
134 158 129 152
196 21 189 21
174 102 176 95
55 172 56 165
188 91 182 87
188 91 182 87
146 144 141 139
68 37 74 33
195 94 189 90
195 94 189 90
195 94 189 90
137 165 134 158
195 94 189 90
79 176 76 169
55 179 55 172
195 94 189 90
79 176 76 169
195 94 189 90
195 94 189 90
77 176 76 169
54 179 55 172
152 149 146 144
31 108 37 104
139 163 134 158
137 165 134 158
197 85 190 85
55 179 55 172
132 166 131 159
196 93 189 90
197 87 190 86
195 94 189 90
187 104 182 99
195 94 189 90
55 179 55 172
195 94 189 90
196 93 189 90
195 94 189 90
195 94 189 90
51 178 55 172
203 23 196 23
202 97 196 93
48 185 51 178
210 24 203 23
203 95 196 93
202 97 196 93
202 96 196 93
210 23 203 23
191 110 187 104
50 150 57 150
210 23 203 23
203 96 196 93
158 154 152 149
202 97 196 93
53 186 54 179
139 172 137 165
77 183 77 176
202 97 196 93
202 97 196 93
202 97 196 93
202 97 196 93
26 114 31 108
204 85 197 85
203 96 196 93
202 97 196 93
157 154 152 149
202 97 196 93
202 97 196 93
202 97 196 93
55 186 55 179
202 97 196 93
202 97 196 93
209 100 203 96
210 99 203 96
141 179 139 172
144 177 139 172
209 100 203 96
165 157 158 154
209 100 203 96
162 160 158 154
17 47 11 43
209 100 203 96
209 100 203 96
197 115 191 110
209 100 203 96
164 158 158 154
165 157 158 154
210 98 203 96
209 100 203 96
217 23 210 23
172 109 174 102
164 159 158 154
210 98 203 96
196 115 191 110
209 100 203 96
210 98 203 96
217 24 210 24
209 100 203 96
210 97 203 96
209 100 203 96
209 100 203 96
164 158 158 154
144 177 139 172
224 24 217 24
148 171 144 177
224 23 217 23
216 103 210 99
217 97 210 97
141 186 141 179
224 25 217 24
216 103 210 99
224 23 217 23
217 101 210 99
141 186 141 179
216 103 210 99
217 101 210 99
94 87 94 94
216 103 210 99
216 103 210 99
216 103 210 99
216 103 210 99
169 164 164 159
217 101 210 99
224 25 217 24
143 186 141 179
216 103 210 99
169 164 164 159
216 103 210 99
216 103 210 99
216 102 210 99
149 183 144 177
144 185 141 179
224 23 217 23
216 103 210 99
203 120 197 115
222 107 216 103
224 103 217 101
222 107 216 103
56 103 61 109
224 102 217 101
144 193 143 186
222 107 216 103
41 184 48 185
231 23 224 23
222 107 216 103
209 125 203 120
222 107 216 103
231 26 224 25
146 193 143 186
222 107 216 103
222 107 216 103
105 101 102 107
175 168 169 164
231 23 224 23
222 107 216 103
224 102 217 101
224 103 217 101
222 107 216 103
222 107 216 103
231 27 224 25
141 193 141 186
222 107 216 103
231 23 224 23
209 125 203 120
222 107 216 103
154 188 149 183
229 110 222 107
179 174 175 168
146 201 146 193
46 192 48 185
179 174 175 168
231 102 224 102
228 111 222 107
28 75 35 74
228 111 222 107
228 111 222 107
231 104 224 103
228 111 222 107
228 111 222 107
40 191 41 184
231 106 224 103
214 130 209 125
214 130 209 125
231 105 224 103
179 174 175 168
228 111 222 107
39 191 41 184
231 103 224 103
231 103 224 103
151 199 146 193
178 175 175 168
87 88 94 87
228 111 222 107
213 90 210 97
228 111 222 107
231 106 224 103
146 200 146 193
238 27 231 27
235 114 229 110
235 114 229 110
74 26 74 33
238 109 231 106
146 208 146 201
238 106 231 106
235 114 229 110
154 206 151 199
235 114 229 110
184 179 179 174
238 107 231 106
235 114 229 110
235 114 229 110
235 114 229 110
238 106 231 106
235 114 229 110
235 114 229 110
183 180 178 175
182 181 178 175
37 198 39 191
238 106 231 106
235 114 229 110
238 106 231 106
185 178 179 174
21 76 28 75
235 114 229 110
46 199 46 192
145 208 146 201
51 198 46 192
238 109 231 106
235 114 229 110
241 118 235 114
241 118 235 114
70 139 63 137
245 27 238 27
20 117 26 114
54 205 51 198
241 118 235 114
245 27 238 27
245 112 238 109
245 112 238 109
245 111 238 109
241 118 235 114
241 118 235 114
46 206 46 199
142 215 145 208
190 183 185 178
241 118 235 114
144 215 145 208
245 111 238 109
241 118 235 114
245 110 238 109
241 118 235 114
20 109 26 114
245 30 238 27
245 111 238 109
45 173 51 178
144 215 145 208
161 4 154 7
241 118 235 114
241 118 235 114
245 111 238 109
241 118 235 114
43 152 50 150
181 12 182 19
252 112 245 112
247 122 241 118
252 114 245 112
251 116 245 112
7 37 11 43
251 116 245 112
252 113 245 112
251 116 245 112
251 116 245 112
252 112 245 112
81 23 74 26
252 113 245 112
251 116 245 112
247 123 241 118
71 186 77 183
252 114 245 112
251 116 245 112
251 116 245 112
251 116 245 112
252 112 245 112
251 116 245 112
194 189 190 183
251 116 245 112
252 27 245 27
252 113 245 112
251 116 245 112
251 116 245 112
252 30 245 30
252 113 245 112
251 116 245 112
145 222 144 215
153 142 152 149
254 37 252 30
253 127 247 123
25 21 26 28
253 127 247 123
252 129 247 123
250 130 247 123
253 127 247 123
253 127 247 123
259 30 252 30
259 27 252 27
56 110 56 103
259 114 252 114
253 127 247 123
253 127 247 123
260 113 252 113
259 116 252 114
259 116 252 114
253 128 247 123
259 117 252 114
88 26 81 23
253 127 247 123
4 31 7 37
43 212 46 206
253 127 247 123
253 127 247 123
253 127 247 123
22 22 26 28
259 132 253 128
42 219 43 212
257 135 252 129
218 85 213 90
259 132 253 128
266 30 259 30
259 132 253 128
259 132 253 128
259 132 253 128
267 113 260 113
253 44 254 37
259 133 253 128
259 132 253 128
188 171 185 178
267 114 260 113
259 132 253 128
259 132 253 128
259 132 253 128
267 113 260 113
259 132 253 128
259 132 253 128
259 132 253 128
266 30 259 30
267 113 260 113
259 132 253 128
147 229 145 222
259 132 253 128
267 114 260 113
267 112 260 113
257 134 252 129
259 132 253 128
259 132 253 128
273 30 266 30
265 137 259 133
274 115 267 114
265 137 259 133
265 137 259 133
274 116 267 114
273 29 266 30
273 30 266 30
57 96 56 103
265 137 259 133
265 137 259 133
30 195 37 198
261 141 257 135
265 138 259 133
265 137 259 133
98 103 105 101
166 64 163 71
272 106 267 112
265 137 259 133
265 137 259 133
273 30 266 30
273 32 266 30
152 86 158 82
265 137 259 133
61 190 55 186
274 112 267 112
265 137 259 133
149 236 147 229
261 141 257 135
271 142 265 138
280 29 273 29
271 142 265 138
281 29 273 29
149 243 149 236
271 142 265 138
281 112 274 112
271 142 265 138
120 157 120 149
281 112 274 112
271 142 265 138
280 29 273 29
281 118 274 116
271 142 265 138
155 240 149 236
151 243 149 236
49 221 42 219
279 25 273 29
281 118 274 116
281 112 274 112
272 141 265 138
42 226 42 219
271 142 265 138
271 142 265 138
272 141 265 138
271 142 265 138
280 33 273 32
271 142 265 138
155 240 149 236
281 111 274 112
281 119 274 116
152 243 149 236
288 29 281 29
286 106 281 111
278 146 272 141
154 250 152 243
289 29 281 29
42 233 42 226
153 250 152 243
24 190 30 195
288 121 281 119
278 145 272 141
276 148 271 142
161 244 155 240
145 249 149 243
279 143 272 141
278 145 272 141
278 145 272 141
57 89 57 96
278 145 272 141
276 148 271 142
288 121 281 119
160 245 155 240
276 148 271 142
288 111 281 111
148 250 149 243
274 149 271 142
41 233 42 226
274 149 271 142
278 145 272 141
278 145 272 141
288 111 281 111
278 145 272 141
275 148 271 142
258 148 261 141
4 46 11 43
284 150 278 146
296 29 289 29
295 123 288 121
284 150 278 146
44 240 42 233
38 109 31 108
30 16 25 21
281 153 276 148
285 149 278 146
284 150 278 146
284 150 278 146
41 240 41 233
283 151 278 146
284 150 278 146
284 150 278 146
296 29 289 29
258 147 261 141
284 150 278 146
284 150 278 146
284 150 278 146
284 150 278 146
158 256 154 250
296 30 289 29
284 150 278 146
39 240 41 233
139 254 145 249
147 257 148 250
284 150 278 146
295 123 288 121
284 150 278 146
33 244 39 240
65 44 68 37
151 46 150 53
291 153 285 149
286 158 281 153
291 153 285 149
291 153 285 149
291 153 285 149
291 153 285 149
292 152 285 149
292 152 285 149
291 153 285 149
302 126 295 123
302 126 295 123
164 260 158 256
286 159 281 153
93 21 88 26
292 151 285 149
292 151 285 149
291 153 285 149
303 29 296 29
34 232 41 233
107 108 105 101
290 154 285 149
51 243 44 240
285 159 281 153
285 159 281 153
291 101 286 106
38 247 39 240
291 153 285 149
310 31 303 29
291 164 286 159
310 26 303 29
310 30 303 29
132 252 139 254
81 16 81 23
298 156 292 152
309 126 302 126
167 267 164 260
298 156 292 152
19 30 26 28
289 166 286 159
298 156 292 152
298 156 292 152
169 265 164 260
298 156 292 152
298 156 292 152
309 126 302 126
298 156 292 152
309 125 302 126
309 128 302 126
94 30 88 26
298 156 292 152
309 127 302 126
298 156 292 152
138 116 131 118
70 20 74 26
299 155 292 152
166 26 168 19
137 261 139 254
310 29 303 29
165 274 167 267
305 159 299 155
305 159 299 155
305 159 299 155
35 254 38 247
305 159 299 155
305 159 299 155
305 159 299 155
305 159 299 155
317 31 310 31
305 159 299 155
305 159 299 155
297 22 296 29
175 269 169 265
305 159 299 155
305 159 299 155
305 159 299 155
305 159 299 155
305 159 299 155
305 159 299 155
296 169 291 164
305 159 299 155
316 128 309 128
305 159 299 155
134 268 137 261
305 159 299 155
188 164 188 171
316 125 309 125
305 159 299 155
311 163 305 159
311 163 305 159
311 163 305 159
311 163 305 159
311 163 305 159
14 54 17 47
121 64 119 71
323 122 316 125
114 153 120 149
300 175 296 169
188 157 188 164
182 270 175 269
311 163 305 159
311 162 305 159
272 99 272 106
324 31 317 31
323 130 316 128
284 171 289 166
40 259 35 254
323 130 316 128
311 163 305 159
311 163 305 159
312 162 305 159
311 163 305 159
311 163 305 159
311 163 305 159
324 31 317 31
324 31 317 31
311 163 305 159
179 275 175 269
323 131 316 128
323 128 316 128
191 70 187 76
329 135 323 131
318 166 312 162
318 166 312 162
326 138 323 131
319 165 312 162
318 166 312 162
330 122 323 122
302 182 300 175
330 133 323 131
318 166 312 162
252 104 252 112
318 166 312 162
190 195 194 189
25 244 33 244
302 182 300 175
182 282 179 275
318 166 312 162
318 166 312 162
305 181 300 175
319 165 312 162
318 166 312 162
318 166 312 162
319 165 312 162
326 115 323 122
318 166 312 162
305 181 300 175
317 167 312 162
331 32 324 31
319 163 312 162
330 35 324 31
331 31 324 31
312 38 310 31
325 169 319 165
335 139 329 135
337 122 330 122
308 188 305 181
18 242 25 244
325 169 319 165
325 169 319 165
325 169 319 165
325 169 319 165
338 31 331 31
304 189 302 182
337 27 331 31
338 31 331 31
324 170 319 165
325 169 319 165
133 111 138 116
165 108 172 109
129 273 134 268
179 289 182 282
325 169 319 165
173 29 166 26
325 169 319 165
325 169 319 165
307 188 305 181
161 142 153 142
337 133 330 133
143 132 141 139
325 169 319 165
337 135 330 133
39 266 40 259
219 135 214 130
37 14 30 16
180 296 179 289
189 284 182 282
189 270 182 270
331 173 325 169
132 72 125 73
332 172 325 169
331 173 325 169
160 11 161 4
331 173 325 169
344 122 337 122
331 173 325 169
332 172 325 169
331 173 325 169
344 35 338 31
344 133 337 133
144 45 151 46
331 173 325 169
277 173 284 171
331 173 325 169
344 122 337 122
344 133 337 133
331 173 325 169
331 173 325 169
186 7 181 12
344 138 337 135
304 196 304 189
331 173 325 169
304 196 304 189
331 173 325 169
309 202 304 196
338 176 332 172
338 176 332 172
272 178 277 173
338 176 332 172
338 176 332 172
192 3 186 7
351 35 344 35
338 176 332 172
351 139 344 138
351 141 344 138
338 176 332 172
351 138 344 138
338 176 332 172
351 32 344 35
307 203 304 196
338 175 332 172
338 176 332 172
174 300 180 296
307 203 304 196
351 34 344 35
135 217 142 215
16 123 20 117
338 176 332 172
351 121 344 122
338 176 332 172
308 202 304 196
338 176 332 172
338 176 332 172
338 176 332 172
338 176 332 172
345 178 338 176
344 180 338 176
343 181 338 176
186 300 180 296
344 180 338 176
344 180 338 176
345 179 338 176
358 141 351 141
358 142 351 141
344 180 338 176
344 180 338 176
173 307 174 300
344 180 338 176
358 142 351 141
126 280 129 273
356 146 351 141
344 180 338 176
358 118 351 121
344 180 338 176
345 179 338 176
358 32 351 32
344 180 338 176
344 180 338 176
343 181 338 176
358 121 351 121
304 210 307 203
345 178 338 176
344 180 338 176
246 46 253 44
358 138 351 138
365 32 358 32
365 33 358 32
192 304 186 300
350 184 345 179
353 42 351 35
351 183 345 179
365 32 358 32
352 181 345 179
62 205 54 205
351 183 345 179
12 245 18 242
365 144 358 142
272 186 272 178
351 183 345 179
365 121 358 121
351 183 345 179
365 33 358 32
36 273 39 266
167 311 173 307
351 183 345 179
351 183 345 179
351 183 345 179
365 141 358 141
192 304 186 300
61 208 54 205
351 183 345 179
159 211 154 206
363 37 358 32
351 184 345 179
351 183 345 179
357 188 351 184
372 36 365 33
372 32 365 32
164 318 167 311
7 250 12 245
357 189 351 184
168 318 167 311
372 34 365 33
363 25 365 32
357 188 351 184
372 34 365 33
356 189 351 184
29 276 36 273
36 149 43 152
359 183 352 181
357 188 351 184
357 188 351 184
197 310 192 304
199 306 192 304
304 217 304 210
9 252 12 245
357 188 351 184
36 280 36 273
167 318 167 311
357 188 351 184
357 188 351 184
357 188 351 184
363 193 357 189
366 183 359 183
159 323 164 318
33 156 36 149
363 193 357 189
301 224 304 217
328 108 326 115
363 193 357 189
363 193 357 189
363 193 357 189
363 193 357 189
364 192 357 189
379 37 372 36
363 193 357 189
39 286 36 280
372 141 365 141
360 196 357 189
379 32 372 32
363 193 357 189
363 193 357 189
361 195 357 189
362 194 357 189
308 223 304 217
363 193 357 189
363 193 357 189
364 191 357 189
361 195 357 189
379 38 372 36
203 314 197 310
366 184 359 183
139 201 146 201
370 196 364 192
370 196 364 192
250 148 258 148
365 201 360 196
370 196 364 192
64 142 70 139
370 196 364 192
370 196 364 192
66 51 65 44
379 139 372 141
369 197 364 192
370 196 364 192
370 196 364 192
168 144 161 142
298 231 301 224
119 277 126 280
386 38 379 38
371 194 364 192
370 196 364 192
370 196 364 192
178 104 172 109
364 202 360 196
386 30 379 32
370 196 364 192
370 196 364 192
369 197 364 192
46 286 39 286
370 196 364 192
370 196 364 192
152 322 159 323
370 196 364 192
371 195 364 192
378 196 371 194
386 139 379 139
300 238 298 231
60 55 66 51
376 200 370 196
376 200 370 196
378 195 371 194
386 140 379 139
64 94 57 96
392 42 386 38
393 30 386 30
203 321 203 314
116 146 114 153
210 316 203 314
302 237 298 231
376 200 370 196
376 200 370 196
11 128 16 123
393 38 386 38
376 200 370 196
209 318 203 314
138 41 144 45
386 141 379 139
46 293 46 286
386 139 379 139
367 209 364 202
210 314 203 314
376 200 370 196
376 200 370 196
38 293 39 286
129 245 132 252
34 79 28 75
393 139 386 139
305 244 302 237
202 105 202 97
399 44 392 42
393 138 386 139
313 45 312 38
382 204 376 200
84 95 87 88
364 151 365 144
382 204 376 200
385 199 378 196
382 204 376 200
194 265 189 270
400 38 393 38
61 182 55 186
382 204 376 200
382 204 376 200
94 37 94 30
113 281 119 277
385 199 378 196
382 204 376 200
52 298 46 293
17 190 24 190
371 215 367 209
382 204 376 200
309 117 309 125
133 282 126 280
400 30 393 30
179 311 173 307
388 208 382 204
388 208 382 204
221 142 219 135
388 208 382 204
388 208 382 204
55 305 52 298
388 208 382 204
375 221 371 215
217 314 210 314
391 203 385 199
407 38 400 38
390 49 392 42
319 156 319 163
195 156 188 157
388 208 382 204
264 122 259 117
398 133 393 138
217 319 210 316
393 22 393 30
407 29 400 30
373 222 371 215
404 49 399 44
406 46 399 44
197 325 203 321
388 208 382 204
388 208 382 204
276 93 272 99
370 134 372 141
388 208 382 204
71 56 66 51
308 251 305 244
295 15 297 22
245 101 252 104
148 328 152 322
394 212 388 208
394 212 388 208
413 47 406 46
374 229 373 222
133 193 141 193
394 212 388 208
394 212 388 208
219 124 214 130
162 188 154 188
313 173 317 167
394 212 388 208
394 212 388 208
394 212 388 208
168 35 173 29
150 329 152 322
394 212 388 208
142 52 144 45
394 212 388 208
394 212 388 208
414 29 407 29
213 30 217 24
215 16 217 23
394 212 388 208
394 212 388 208
55 312 55 305
398 203 391 203
65 15 70 20
400 216 394 212
58 319 55 312
420 50 413 47
142 332 148 328
384 53 390 49
379 234 374 229
420 49 413 47
405 205 398 203
405 206 398 203
400 216 394 212
400 216 394 212
400 216 394 212
152 336 150 329
224 322 217 319
400 216 394 212
246 154 250 148
191 77 191 70
185 107 178 104
313 229 308 223
405 204 398 203
179 33 173 29
400 216 394 212
52 319 55 312
420 47 413 47
421 29 414 29
200 269 194 265
392 56 390 49
405 204 398 203
400 216 394 212
131 39 138 41
400 216 394 212
40 116 38 109
406 220 400 216
427 50 420 50
406 220 400 216
47 260 40 259
360 211 367 209
406 220 400 216
378 241 379 234
135 331 142 332
412 202 405 204
383 240 379 234
62 325 58 319
406 220 400 216
412 208 405 206
427 51 420 50
412 206 405 206
381 241 379 234
406 220 400 216
406 220 400 216
26 201 30 195
427 50 420 50
412 203 405 204
197 81 191 77
150 343 152 336
428 29 421 29
406 220 400 216
426 54 420 50
58 243 51 243
54 117 56 110
436 29 428 29
65 317 58 319
419 211 412 208
434 53 427 51
434 52 427 51
412 224 406 220
156 233 155 240
412 224 406 220
152 78 152 86
412 224 406 220
412 224 406 220
433 56 426 54
44 16 37 14
254 51 253 44
419 208 412 208
377 248 378 241
79 186 71 186
412 224 406 220
388 245 383 240
412 224 406 220
412 224 406 220
435 29 428 29
412 224 406 220
117 164 120 157
419 202 412 202
430 60 426 54
109 144 116 146
412 224 406 220
419 208 412 208
441 54 434 53
426 212 419 211
418 228 412 224
267 191 272 186
108 286 113 281
418 228 412 224
418 228 412 224
426 212 419 211
147 350 150 343
418 228 412 224
136 132 143 132
418 228 412 224
426 199 419 202
425 198 419 202
426 208 419 208
426 201 419 202
426 214 419 211
418 228 412 224
425 198 419 202
390 252 388 245
375 255 377 248
418 228 412 224
426 202 419 202
426 201 419 202
392 251 388 245
418 228 412 224
418 228 412 224
418 228 412 224
418 228 412 224
106 284 113 281
424 232 418 228
424 232 418 228
424 232 418 228
34 103 38 109
424 232 418 228
392 259 390 252
424 232 418 228
389 63 392 56
424 232 418 228
424 232 418 228
424 232 418 228
392 259 390 252
154 180 154 188
445 60 441 54
228 316 224 322
187 33 179 33
207 269 200 269
424 232 418 228
423 233 418 228
115 68 121 64
100 288 106 284
424 232 418 228
175 141 168 144
424 232 418 228
231 322 224 322
424 232 418 228
433 214 426 214
424 232 418 228
430 236 424 232
296 196 304 196
430 236 424 232
211 263 207 269
58 138 64 142
64 24 70 20
430 236 424 232
430 236 424 232
430 236 424 232
238 20 238 27
189 63 191 70
430 236 424 232
430 236 424 232
430 236 424 232
430 236 424 232
440 217 433 214
430 236 424 232
430 237 424 232
440 212 433 214
61 332 62 325
430 236 424 232
430 236 424 232
429 67 430 60
397 264 392 259
65 176 61 182
430 236 424 232
430 236 424 232
440 213 433 214
146 180 154 180
400 271 397 264
435 242 430 237
399 271 397 264
436 240 430 237
390 238 383 240
426 74 429 67
386 148 386 141
436 240 430 237
436 240 430 237
436 240 430 237
436 240 430 237
393 239 388 245
195 258 194 265
446 48 441 54
447 219 440 217
242 94 245 101
13 237 18 242
436 240 430 237
436 240 430 237
267 23 266 30
210 96 213 90
436 240 430 237
436 240 430 237
236 327 231 322
441 245 435 242
440 247 435 242
24 11 30 16
281 88 276 93
85 182 79 186
441 245 435 242
312 257 308 251
454 48 446 48
211 275 207 269
441 245 435 242
441 245 435 242
243 53 246 46
441 245 435 242
448 226 447 219
64 339 61 332
54 262 47 260
402 278 400 271
213 273 207 269
185 114 185 107
441 245 435 242
439 248 435 242
441 246 435 242
441 245 435 242
441 246 435 242
266 198 267 191
390 70 389 63
441 246 435 242
447 249 441 246
128 330 135 331
461 49 454 48
436 64 430 60
68 329 62 325
447 249 441 246
399 285 402 278
447 249 441 246
85 175 85 182
312 264 312 257
145 117 138 116
448 248 441 246
461 48 454 48
447 249 441 246
142 355 147 350
447 249 441 246
173 21 173 29
436 22 436 29
455 226 448 226
11 194 17 190
238 334 236 327
318 50 313 45
92 184 85 182
407 283 402 278
447 249 441 246
147 357 147 350
447 249 441 246
447 249 441 246
458 42 454 48
83 9 81 16
66 243 58 243
337 19 337 27
396 292 399 285
454 251 448 248
454 251 448 248
109 65 115 68
461 222 455 226
98 43 94 37
468 49 461 49
412 288 407 283
427 42 427 50
454 251 448 248
315 248 308 251
454 251 448 248
433 196 426 199
232 310 228 316
454 251 448 248
437 71 436 64
454 251 448 248
108 68 115 68
400 126 398 133
454 251 448 248
454 251 448 248
454 251 448 248
462 226 455 226
454 251 448 248
451 255 447 249
469 226 462 226
461 253 454 251
460 254 454 251
307 49 313 45
358 111 358 118
57 82 57 89
69 147 64 142
85 2 83 9
144 173 146 180
57 342 64 339
460 254 454 251
440 78 437 71
437 190 433 196
396 300 396 292
57 342 64 339
460 254 454 251
461 253 454 251
33 298 38 293
460 254 454 251
460 254 454 251
460 254 454 251
460 254 454 251
245 336 238 334
412 278 407 283
442 18 436 22
469 226 462 226
475 49 468 49
384 23 386 30
260 189 267 191
476 225 469 226
159 86 152 86
467 257 461 253
68 210 61 208
467 257 461 253
124 39 131 39
467 257 461 253
58 349 57 342
476 226 469 226
467 257 461 253
449 16 442 18
390 304 396 300
467 257 461 253
422 240 423 233
164 115 165 108
467 257 461 253
475 47 468 49
464 260 460 254
467 257 461 253
217 36 213 30
476 226 469 226
467 257 461 253
467 257 461 253
474 221 469 226
400 306 396 300
473 261 467 257
28 304 33 298
483 223 476 225
91 6 85 2
483 223 476 225
473 261 467 257
312 271 312 264
319 265 312 264
416 294 412 288
483 224 476 225
121 333 128 330
473 261 467 257
473 261 467 257
473 261 467 257
483 229 476 226
473 261 467 257
266 16 267 23
473 261 467 257
386 310 390 304
473 261 467 257
28 98 34 103
243 343 245 336
309 271 312 264
324 40 330 35
473 261 467 257
473 261 467 257
462 267 464 260
482 51 475 49
473 261 467 257
13 42 7 37
329 101 328 108
202 260 195 258
395 15 393 22
479 264 473 261
490 222 483 223
244 17 238 20
423 296 416 294
164 195 162 188
478 266 473 261
479 264 473 261
274 20 279 25
24 271 29 276
153 361 147 357
480 263 473 261
86 88 84 95
365 176 366 183
489 50 482 51
490 221 483 223
128 218 135 217
490 229 483 229
477 267 473 261
479 264 473 261
479 264 473 261
407 304 400 306
479 264 473 261
490 222 483 223
479 264 473 261
490 229 483 229
489 51 482 51
489 53 482 51
218 149 221 142
486 267 480 263
390 10 395 15
486 267 480 263
494 58 489 53
371 117 365 121
408 311 407 304
393 274 399 271
486 267 480 263
486 267 480 263
212 122 219 124
427 302 423 296
486 267 480 263
486 267 480 263
429 300 423 296
486 267 480 263
486 267 480 263
101 31 94 30
96 282 100 288
496 56 489 53
486 267 480 263
24 310 28 304
437 182 437 190
255 195 260 189
486 267 480 263
455 19 449 16
486 267 480 263
486 267 480 263
295 112 288 111
486 267 480 263
486 267 480 263
486 267 480 263
492 271 486 267
492 271 486 267
29 237 34 232
492 271 486 267
492 271 486 267
236 27 238 20
503 53 496 56
497 219 490 221
490 64 494 58
57 356 58 349
135 53 142 52
503 55 496 56
494 44 489 50
297 213 304 210
492 271 486 267
171 325 168 318
350 114 351 121
284 81 281 88
492 271 486 267
442 177 437 182
488 274 486 267
250 190 255 195
492 271 486 267
493 268 486 267
59 268 54 262
492 271 486 267
502 52 496 56
492 271 486 267
210 105 202 105
438 224 440 217
497 277 492 271
196 198 190 195
381 316 386 310
386 317 386 310
252 337 245 336
498 275 492 271
50 355 57 356
499 273 492 271
504 216 497 219
510 56 503 55
498 275 492 271
497 276 492 271
52 361 57 356
325 268 319 265
36 142 36 149
241 10 244 17
504 217 497 219
498 275 492 271
498 275 492 271
498 275 492 271
341 13 337 19
504 219 497 219
21 317 24 310
218 260 211 263
449 177 442 177
12 135 11 128
115 328 121 333
71 312 65 317
246 350 243 343
498 275 492 271
498 275 492 271
135 358 142 355
405 135 398 133
503 280 497 277
248 357 246 350
503 280 497 277
135 357 142 355
386 324 386 317
517 57 510 56
503 280 497 277
37 197 30 195
506 275 499 273
389 324 386 317
514 62 510 56
501 283 497 277
503 280 497 277
454 267 462 267
506 273 499 273
23 264 24 271
503 280 497 277
47 313 52 319
503 280 497 277
511 216 504 216
503 280 497 277
334 10 341 13
212 282 211 275
202 154 195 156
517 58 510 56
503 280 497 277
90 286 96 282
451 242 448 248
367 229 374 229
513 277 506 275
524 60 517 58
513 275 506 275
479 235 483 229
512 279 506 275
53 286 46 286
512 279 506 275
512 279 506 275
524 55 517 57
513 276 506 275
512 279 506 275
518 214 511 216
512 279 506 275
455 181 449 177
256 331 252 337
512 279 506 275
512 279 506 275
334 96 329 101
431 308 427 302
512 279 506 275
512 279 506 275
114 109 107 108
512 279 506 275
238 305 232 310
512 279 506 275
430 308 427 302
20 98 28 98
9 260 9 252
383 71 390 70
518 283 512 279
525 214 518 214
518 283 512 279
525 214 518 214
518 283 512 279
248 23 244 17
81 23 81 16
263 331 256 331
517 285 512 279
518 283 512 279
518 283 512 279
518 283 512 279
518 283 512 279
525 213 518 214
518 283 512 279
518 283 512 279
265 175 272 178
520 280 513 277
518 283 512 279
518 283 512 279
518 283 512 279
520 278 513 277
518 283 512 279
518 283 512 279
518 283 512 279
143 139 143 132
518 283 512 279
518 283 512 279
34 308 28 304
527 280 520 280
532 214 525 214
523 289 517 285
361 233 367 229
400 140 393 139
96 275 96 282
390 331 389 324
523 289 517 285
433 16 436 22
522 290 517 285
523 289 517 285
527 67 524 60
521 221 518 214
531 62 524 60
437 312 431 308
523 289 517 285
431 178 437 182
194 289 189 284
360 232 367 229
527 276 520 278
523 289 517 285
523 289 517 285
61 119 54 117
497 232 490 229
390 331 389 324
523 289 517 285
529 293 523 289
401 23 400 30
387 338 390 331
243 190 250 190
529 293 523 289
529 293 523 289
529 293 523 289
194 10 192 3
264 30 267 23
324 96 329 101
533 71 527 67
538 61 531 62
535 221 532 214
32 72 34 79
529 293 523 289
268 336 263 331
381 260 375 255
44 8 44 16
158 73 152 78
20 324 21 317
46 365 52 361
534 276 527 276
529 293 523 289
539 213 532 214
441 318 437 312
216 9 215 16
529 293 523 289
262 324 263 331
522 298 522 290
278 160 285 159
64 236 66 243
522 228 521 221
535 296 529 293
516 303 522 298
535 296 529 293
412 135 405 135
535 296 529 293
536 296 529 293
541 278 534 276
533 299 529 293
502 237 497 232
353 230 360 232
524 305 522 298
291 218 297 213
59 147 64 142
536 296 529 293
291 231 298 231
535 296 529 293
526 304 522 298
527 48 524 55
525 305 522 298
535 296 529 293
19 22 19 30
197 333 197 325
492 282 497 277
462 16 455 19
213 89 210 96
542 300 536 296
542 300 536 296
542 300 536 296
542 300 536 296
42 319 47 313
545 61 538 61
284 232 291 231
542 300 536 296
190 326 197 325
541 301 536 296
542 300 536 296
239 298 238 305
542 300 536 296
425 190 425 198
542 300 536 296
543 271 541 278
516 207 518 214
542 300 536 296
543 299 536 296
542 300 536 296
548 276 541 278
132 365 135 358
542 300 536 296
546 210 539 213
284 74 284 81
135 104 133 111
549 303 543 299
552 62 545 61
549 303 543 299
250 200 255 195
550 302 543 299
552 61 545 61
274 27 274 20
542 308 541 301
219 253 218 260
549 303 543 299
447 314 441 318
549 303 543 299
549 303 543 299
549 303 543 299
26 33 19 30
553 208 546 210
549 303 543 299
241 60 243 53
313 278 312 271
549 303 543 299
549 303 543 299
549 303 543 299
99 6 91 6
209 20 215 16
325 275 325 268
549 303 543 299
40 361 46 365
129 372 132 365
560 210 553 208
253 362 248 357
560 207 553 208
556 306 550 302
556 306 550 302
26 208 26 201
560 211 553 208
556 306 550 302
396 232 393 239
197 340 197 333
420 69 426 74
109 324 115 328
55 203 62 205
397 331 390 331
226 252 219 253
184 77 191 77
129 323 128 330
538 53 538 61
309 136 309 128
156 368 153 361
386 345 387 338
556 306 550 302
556 306 550 302
556 306 550 302
16 230 13 237
363 18 363 25
155 368 153 361
559 65 552 62
559 63 552 62
560 207 553 208
126 195 133 193
562 310 556 306
273 341 268 336
277 73 284 74
523 73 527 67
245 109 245 101
68 118 61 119
445 10 449 16
562 310 556 306
562 310 556 306
327 7 334 10
129 379 129 372
275 339 268 336
562 310 556 306
562 310 556 306
562 310 556 306
562 310 556 306
237 347 243 343
562 310 556 306
510 203 516 207
567 204 560 207
43 372 46 365
562 310 556 306
562 310 556 306
122 223 128 218
173 134 175 141
562 310 556 306
563 309 556 306
376 71 383 71
562 310 556 306
373 65 376 71
563 317 562 310
569 313 563 309
569 313 563 309
569 313 563 309
257 182 260 189
569 313 563 309
267 319 262 324
569 313 563 309
569 313 563 309
569 313 563 309
27 194 26 201
163 366 156 368
122 381 129 379
261 49 254 51
569 313 563 309
569 313 563 309
11 22 19 22
569 313 563 309
449 170 449 177
563 57 559 63
361 241 361 233
569 313 563 309
569 313 563 309
242 40 246 46
279 237 284 232
441 325 441 318
569 313 563 309
569 313 563 309
576 315 569 313
223 154 218 149
575 317 569 313
117 41 124 39
575 317 569 313
575 317 569 313
419 186 425 190
371 110 371 117
575 317 569 313
54 60 60 55
575 317 569 313
391 350 386 345
575 317 569 313
184 200 190 195
376 23 384 23
575 317 569 313
489 71 490 64
575 317 569 313
562 199 567 204
167 258 169 265
372 173 365 176
575 317 569 313
270 70 277 73
141 166 144 173
575 317 569 313
278 33 274 27
575 317 569 313
575 317 569 313
116 339 121 333
562 72 559 65
205 120 212 122
581 321 575 317
581 321 575 317
581 321 575 317
581 321 575 317
302 269 309 271
581 321 575 317
581 321 575 317
316 285 313 278
581 321 575 317
581 321 575 317
489 78 489 71
23 229 16 230
581 321 575 317
570 55 563 57
514 197 510 203
400 240 393 239
581 321 575 317
581 321 575 317
581 321 575 317
245 302 239 298
260 363 253 362
570 58 563 57
313 22 310 29
581 321 575 317
160 255 167 258
398 349 391 350
215 156 218 149
128 356 135 357
232 248 226 252
117 386 122 381
12 185 17 190
579 308 576 315
144 363 147 357
431 171 431 178
455 314 447 314
16 92 20 98
131 127 136 132
381 350 386 345
21 54 14 54
396 355 391 350
559 193 562 199
376 311 381 316
395 362 396 355
240 291 239 298
5 134 12 135
225 132 219 135
173 40 168 35
282 340 275 339
186 189 190 195
530 42 527 48
566 78 562 72
115 225 122 223
47 378 43 372
33 361 40 361
29 292 33 298
365 168 365 176
28 53 21 54
579 301 579 308
256 44 261 49
462 313 455 314
96 267 96 275
289 341 282 340
117 34 117 41
560 324 563 317
153 375 155 368
497 37 494 44
564 217 560 211
266 206 266 198
51 384 47 378
323 288 316 285
466 10 462 16
216 246 219 253
293 347 289 341
559 222 564 217
485 284 492 282
106 4 99 6
289 348 289 341
400 368 395 362
567 85 566 78
347 47 353 42
558 331 560 324
516 190 514 197
64 273 59 268
571 219 564 217
546 203 546 210
488 288 492 282
168 151 168 144
176 330 171 325
486 43 489 50
195 59 189 63
108 227 115 225
514 310 516 303
283 352 289 348
586 301 579 301
18 306 24 310
49 65 54 60
322 250 315 248
586 300 579 301
332 277 325 275
117 394 117 386
521 185 516 190
74 24 81 23
517 183 516 190
509 187 516 190
155 92 159 86
407 371 400 368
292 171 284 171
45 23 44 16
59 172 65 176
407 371 400 368
275 231 279 237
288 196 296 196
389 366 395 362
246 206 250 200
132 59 135 53
314 292 316 285
552 335 558 331
275 84 281 88
578 219 571 219
371 58 373 65
545 292 543 299
51 254 47 260
247 64 241 60
565 189 559 193
137 160 141 166
551 342 552 335
316 179 313 173
574 87 567 85
138 63 132 59
519 176 517 183
412 194 412 202
574 49 570 55
208 288 212 282
465 274 462 267
574 88 567 85
479 280 485 284
475 274 477 267
312 15 313 22
287 334 289 341
588 321 581 321
579 44 574 49
80 101 84 95
195 190 190 195
581 87 574 87
581 90 574 88
545 347 551 342
132 289 133 282
78 312 71 312
271 325 267 319
523 80 523 73
255 110 252 104
26 362 33 361
121 400 117 394
161 32 168 35
9 201 11 194
71 180 65 176
168 371 163 366
253 324 256 331
595 322 588 321
11 15 11 22
546 347 551 342
566 182 565 189
435 84 440 78
376 167 372 173
586 41 579 44
565 182 565 189
586 95 581 90
572 186 565 189
552 220 559 222
578 226 578 219
302 135 309 136
171 158 168 151
566 182 565 189
585 222 578 219
320 228 313 229
65 352 58 349
300 344 293 347
593 297 586 300
556 347 551 342
279 244 279 237
172 253 167 258
503 205 510 203
35 372 43 372
593 98 586 95
414 373 407 371
398 196 398 203
593 41 586 41
558 182 565 182
441 332 441 325
238 206 246 206
496 30 497 37
133 296 132 289
110 343 116 339
316 202 309 202
295 135 302 135
12 178 12 185
595 105 593 98
406 122 400 126
514 317 514 310
400 118 400 126
527 234 522 228
29 377 35 372
121 215 128 218
119 196 126 195
405 56 404 49
600 297 593 297
138 180 146 180
174 375 168 371
309 298 314 292
58 383 51 384
174 375 168 371
521 169 519 176
234 200 238 206
47 119 54 117
465 319 462 313
490 85 489 78
475 39 475 47
607 299 600 297
42 202 37 197
601 100 595 105
600 41 593 41
591 219 585 222
566 174 566 182
62 31 64 24
614 299 607 299
599 219 591 219
25 383 29 377
424 289 423 296
605 291 600 297
421 375 414 373
608 103 601 100
137 302 133 296
0 247 7 250
272 314 267 319
525 163 521 169
229 150 223 154
285 359 283 352
607 39 600 41
321 109 328 108
615 101 608 103
413 56 405 56
179 187 186 189
291 76 284 74
61 286 53 286
615 105 608 103
313 130 309 136
445 338 441 332
534 234 527 234
248 141 250 148
291 71 284 74
230 23 236 27
59 290 53 286
504 182 509 187
154 240 156 233
223 9 216 9
275 250 279 244
50 80 57 82
487 92 490 85
622 99 615 101
19 360 26 362
153 117 145 117
25 355 26 362
71 340 64 339
347 147 351 141
563 350 556 347
423 368 421 375
519 86 523 80
507 319 514 317
391 77 390 70
129 187 133 193
514 324 514 317
540 352 545 347
618 112 615 105
551 69 552 62
64 85 57 82
606 219 599 219
444 192 437 190
569 167 566 174
432 317 437 312
314 303 309 298
132 138 136 132
113 192 119 196
599 111 595 105
593 33 593 41
584 34 586 41
614 38 607 39
532 206 532 214
371 243 378 241
71 275 64 273
533 35 530 42
382 369 389 366
168 265 167 258
534 36 530 42
596 112 595 105
579 293 579 301
26 154 33 156
280 16 274 20
625 115 618 112
353 131 351 138
210 129 212 122
578 31 584 34
124 350 128 356
270 63 270 70
607 31 607 39
621 119 618 112
596 26 593 33
414 74 420 69
430 89 435 84
102 144 109 144
376 373 382 369
620 303 614 299
289 189 288 196
624 309 620 303
632 117 625 115
590 115 596 112
428 375 421 375
618 293 614 299
624 309 620 303
316 210 316 202
9 229 16 230
340 25 337 19
624 309 620 303
568 160 569 167
339 30 344 35
302 297 309 298
321 89 324 96
576 165 569 167
24 330 20 324
138 208 139 201
531 159 525 163
627 301 620 303
624 309 620 303
602 93 601 100
40 312 47 313
624 309 620 303
621 36 614 38
110 317 109 324
624 309 620 303
72 85 64 85
325 223 320 228
611 25 607 31
91 83 86 88
403 147 400 140
628 315 624 309
258 370 260 363
628 315 624 309
200 294 194 289
374 348 381 350
568 44 574 49
628 315 624 309
159 203 159 211
628 315 624 309
628 315 624 309
263 370 260 363
435 375 428 375
299 303 302 297
628 315 624 309
187 262 194 265
419 275 412 278
613 219 606 219
628 315 624 309
628 315 624 309
511 290 517 285
302 289 302 297
68 287 61 286
514 166 521 169
628 315 624 309
368 373 376 373
564 357 563 350
639 116 632 117
565 357 563 350
635 316 628 315
442 375 435 375
616 45 614 38
632 321 628 315
421 382 421 375
632 321 628 315
632 321 628 315
632 321 628 315
204 147 202 154
136 97 135 104
581 24 578 31
606 306 607 299
569 362 564 357
628 36 621 36
297 142 295 135
300 171 292 171
442 378 435 375
634 298 627 301
632 321 628 315
620 218 613 219
632 321 628 315
583 166 576 165
620 217 613 219
236 254 232 248
641 123 639 116
632 321 628 315
609 91 602 93
632 321 628 315
339 280 332 277
637 327 632 321
637 327 632 321
637 327 632 321
637 327 632 321
637 327 632 321
634 291 634 298
362 368 368 373
131 177 138 180
280 314 272 314
637 327 632 321
449 381 442 378
637 327 632 321
170 381 174 375
523 92 519 86
618 286 618 293
575 366 569 362
637 326 632 321
512 331 514 324
575 366 569 362
337 272 332 277
273 207 266 206
637 327 632 321
419 136 412 135
268 86 275 84
582 101 586 95
22 348 25 355
642 333 637 327
572 154 568 160
642 333 637 327
635 38 628 36
507 194 509 187
251 299 245 302
530 91 523 92
642 333 637 327
377 266 381 260
644 328 637 327
176 384 170 381
172 336 176 330
642 333 637 327
642 333 637 327
182 207 184 200
642 333 637 327
642 333 637 327
372 341 374 348
108 350 110 343
485 295 488 288
642 333 637 327
275 223 275 231
153 124 153 117
642 333 637 327
410 318 408 311
403 260 397 264
86 312 78 312
647 339 642 333
356 145 358 138
301 337 300 344
123 283 119 277
587 172 583 166
12 302 18 306
647 339 642 333
647 339 642 333
647 339 642 333
647 339 642 333
577 18 581 24
535 96 530 91
647 339 642 333
647 339 642 333
320 102 321 109
647 339 642 333
214 163 215 156
423 247 422 240
235 193 234 200
647 339 642 333
647 339 642 333
647 339 642 333
18 384 25 383
377 178 372 173
647 339 642 333
287 166 292 171
186 213 182 207
652 345 647 339
289 88 281 88
652 345 647 339
342 96 334 96
654 338 647 339
652 345 647 339
537 103 535 96
521 324 514 324
499 176 504 182
292 208 297 213
304 350 300 344
652 345 647 339
130 109 135 104
590 164 583 166
386 16 390 10
535 165 531 159
482 72 489 71
652 345 647 339
652 345 647 339
206 163 214 163
652 345 647 339
527 153 531 159
487 99 487 92
287 366 285 359
10 96 16 92
567 37 568 44
19 154 26 154
652 345 647 339
656 351 652 345
61 216 61 208
654 352 652 345
458 244 451 242
656 351 652 345
656 351 652 345
656 351 652 345
656 351 652 345
656 351 652 345
656 351 652 345
656 351 652 345
582 109 582 101
347 22 340 25
656 351 652 345
656 351 652 345
171 389 176 384
656 351 652 345
578 373 575 366
622 126 621 119
656 351 652 345
656 351 652 345
656 351 652 345
308 307 314 303
529 146 527 153
523 317 521 324
642 38 635 38
642 41 635 38
631 30 628 36
378 119 371 117
661 357 656 351
367 52 371 58
649 41 642 38
313 102 320 102
661 357 656 351
106 109 114 109
206 30 213 30
661 357 656 351
510 338 512 331
190 311 197 310
661 357 656 351
579 380 578 373
661 357 656 351
661 357 656 351
661 357 656 351
257 377 258 370
395 342 398 349
661 357 656 351
287 176 292 171
661 357 656 351
39 209 42 202
661 357 656 351
350 236 353 230
50 4 44 8
19 177 12 178
666 363 661 357
656 44 649 41
124 317 129 323
40 2 44 8
102 223 108 227
50 391 51 384
666 363 661 357
403 355 396 355
178 249 172 253
659 333 654 338
78 274 71 275
666 363 661 357
666 363 661 357
192 217 186 213
666 363 661 357
666 363 661 357
494 292 488 288
666 363 661 357
257 385 257 377
629 96 622 99
536 358 540 352
14 348 22 348
666 363 661 357
217 103 210 105
503 341 510 338
347 108 350 114
398 188 398 196
666 363 661 357
671 369 666 363
671 369 666 363
124 128 131 127
575 386 579 380
671 369 666 363
13 325 20 324
627 218 620 218
498 347 503 341
416 247 423 247
600 286 605 291
241 115 245 109
671 369 666 363
671 369 666 363
671 369 666 363
671 369 666 363
671 369 666 363
671 369 666 363
671 369 666 363
672 367 666 363
57 394 50 391
425 81 426 74
26 278 24 271
136 243 129 245
270 255 275 250
623 224 620 218
671 369 666 363
471 15 466 10
449 388 449 381
89
449 388
449 381
442 378
435 375
428 375
421 375
414 373
407 371
400 368
395 362
396 355
391 350
386 345
387 338
390 331
389 324
386 317
386 310
390 304
396 300
396 292
399 285
402 278
400 271
397 264
392 259
390 252
388 245
383 240
379 234
374 229
373 222
371 215
367 209
364 202
360 196
357 189
351 184
345 179
338 176
332 172
325 169
319 165
312 162
305 159
299 155
292 152
285 149
278 146
272 141
265 138
259 133
253 128
247 123
241 118
235 114
229 110
222 107
216 103
210 99
203 96
196 93
189 90
182 87
175 84
169 80
162 77
155 74
148 71
141 68
134 65
128 61
121 58
114 56
108 51
101 48
94 45
87 42
80 40
73 37
66 34
59 31
52 28
45 25
38 22
31 19
24 16
17 13
10 10
