2761
10 10 
10 17 10 10
17 11 10 10
17 13 10 10
17 13 10 10
15 15 10 10
17 11 10 10
17 13 10 10
16 14 10 10
15 15 10 10
17 13 10 10
17 13 10 10
15 16 10 10
11 17 10 10
17 13 10 10
17 13 10 10
17 13 10 10
17 10 10 10
17 13 10 10
17 11 10 10
17 10 10 10
16 14 10 10
15 15 10 10
17 13 10 10
17 12 10 10
15 15 10 10
14 16 10 10
17 13 10 10
15 15 10 10
12 17 10 10
16 14 10 10
17 13 10 10
12 17 10 10
17 23 14 16
23 17 17 13
23 16 17 13
13 24 12 17
23 17 17 13
24 14 17 13
24 16 17 13
23 16 17 13
23 16 17 13
24 13 17 13
24 16 17 13
23 16 17 13
23 17 17 13
23 16 17 13
23 16 17 13
23 16 17 13
23 17 17 13
24 16 17 13
12 24 12 17
24 16 17 13
23 16 17 13
24 14 17 13
23 16 17 13
23 17 17 13
24 10 17 10
24 13 17 13
18 22 14 16
23 16 17 13
24 16 17 13
24 10 17 10
23 17 17 13
23 17 17 13
31 16 24 16
30 19 24 16
31 17 24 16
31 19 24 16
22 29 17 23
13 31 13 24
21 29 17 23
30 20 24 16
30 21 24 16
31 18 24 16
30 19 24 16
30 19 24 16
31 17 24 16
12 31 12 24
31 18 24 16
30 19 24 16
30 19 24 16
30 19 24 16
31 16 24 16
31 17 24 16
31 17 24 16
31 19 24 16
30 19 24 16
31 18 24 16
31 16 24 16
12 31 12 24
30 20 24 16
30 21 24 16
18 30 17 23
30 19 24 16
22 28 17 23
21 29 17 23
38 19 31 19
38 21 31 19
26 35 22 29
37 24 30 21
14 38 13 31
14 38 13 31
35 26 30 21
38 22 31 19
38 19 31 19
38 19 31 19
35 26 30 21
27 34 22 29
38 21 31 19
39 18 31 18
38 19 31 19
38 22 31 19
36 25 30 21
38 20 31 19
14 38 13 31
36 24 30 21
37 24 30 21
38 20 31 19
38 16 31 16
37 24 30 21
27 35 22 29
38 21 31 19
14 38 13 31
37 24 30 21
27 35 22 29
35 26 30 21
37 24 30 21
37 24 30 21
45 24 38 22
43 27 37 24
30 42 27 35
29 42 27 35
43 28 37 24
43 27 37 24
46 18 39 18
43 27 37 24
45 25 38 22
45 25 38 22
43 27 37 24
30 42 27 35
43 27 37 24
46 18 39 18
44 27 37 24
43 28 37 24
45 24 38 22
45 24 38 22
43 27 37 24
30 42 27 35
45 25 38 22
46 18 39 18
45 24 38 22
44 27 37 24
43 28 37 24
32 40 27 35
43 27 37 24
46 19 39 18
43 27 37 24
42 29 37 24
45 25 38 22
43 27 37 24
34 48 30 42
35 48 30 42
50 30 44 27
52 27 45 25
52 27 45 25
50 31 44 27
35 47 30 42
50 30 44 27
53 19 46 19
53 20 46 19
34 48 30 42
53 20 46 19
50 30 44 27
52 26 45 25
52 27 45 25
29 50 29 42
53 18 46 18
53 18 46 18
34 48 30 42
52 28 45 25
53 19 46 19
50 30 44 27
31 49 30 42
50 31 44 27
53 19 46 19
50 30 44 27
53 20 46 19
52 26 45 25
30 49 30 42
53 19 46 19
53 19 46 19
52 27 45 25
40 54 35 48
58 31 52 28
58 32 52 28
58 32 52 28
60 20 53 20
59 28 52 28
58 31 52 28
59 31 52 28
37 55 35 48
56 35 50 31
61 18 53 18
59 29 52 28
60 20 53 20
59 29 52 28
56 36 50 31
58 31 52 28
59 31 52 28
58 32 52 28
60 21 53 20
60 20 53 20
59 31 52 28
60 20 53 20
58 31 52 28
29 57 29 50
58 32 52 28
40 53 35 48
60 20 53 20
56 35 50 31
59 30 52 28
56 35 50 31
56 35 50 31
60 20 53 20
65 34 59 31
66 34 59 31
44 60 40 54
45 59 40 54
66 32 59 31
39 62 37 55
66 32 59 31
62 40 56 36
65 34 59 31
66 32 59 31
65 34 59 31
62 41 56 36
62 40 56 36
65 34 59 31
62 40 56 36
62 40 56 36
65 34 59 31
68 18 61 18
66 34 59 31
65 34 59 31
29 64 29 57
44 60 40 54
68 19 61 18
66 32 59 31
66 33 59 31
68 18 61 18
46 59 40 54
47 51 40 53
68 19 61 18
66 33 59 31
66 34 59 31
62 40 56 36
72 37 66 34
72 37 66 34
72 37 66 34
72 37 66 34
49 65 46 59
73 37 66 34
72 37 66 34
72 37 66 34
72 37 66 34
76 18 68 18
52 64 46 59
75 18 68 18
51 64 46 59
51 64 46 59
72 37 66 34
75 19 68 19
72 37 66 34
73 37 66 34
41 69 39 62
72 37 66 34
41 69 39 62
49 66 46 59
51 64 46 59
73 36 66 34
72 37 66 34
72 37 66 34
73 35 66 34
47 67 44 60
73 37 66 34
72 37 66 34
72 37 66 34
39 37 32 40
56 70 52 64
41 76 41 69
50 74 47 67
50 74 47 67
43 76 41 69
57 69 52 64
83 19 76 18
83 19 76 18
83 18 76 18
23 40 30 42
83 18 76 18
64 72 57 69
64 72 57 69
63 73 57 69
90 18 83 18
61 76 56 70
63 74 57 69
90 21 83 19
64 72 57 69
90 20 83 19
40 83 41 76
64 72 57 69
64 72 57 69
64 72 57 69
64 72 57 69
63 72 57 69
64 72 57 69
63 72 57 69
90 21 83 19
62 74 57 69
63 73 57 69
60 76 56 70
52 81 50 74
64 72 57 69
64 72 57 69
44 83 43 76
64 72 57 69
64 72 57 69
90 18 83 18
63 73 57 69
64 72 57 69
90 20 83 19
62 74 57 69
97 21 90 21
41 90 40 83
69 78 63 74
68 79 63 74
20 33 23 40
71 75 64 72
97 22 90 21
97 22 90 21
69 78 63 74
97 23 90 21
71 75 64 72
71 75 64 72
65 82 61 76
97 21 90 21
39 90 40 83
69 77 63 74
55 88 52 81
66 81 61 76
97 24 90 21
97 21 90 21
71 75 64 72
96 24 90 21
68 79 63 74
64 83 61 76
71 75 64 72
93 28 90 21
71 75 64 72
71 75 64 72
71 75 64 72
71 75 64 72
71 75 64 72
97 24 90 21
58 95 55 88
57 95 55 88
57 95 55 88
56 95 55 88
58 95 55 88
57 95 55 88
104 24 97 24
104 24 97 24
38 97 39 90
104 27 97 24
42 97 41 90
110 31 104 27
111 27 104 27
110 31 104 27
110 31 104 27
110 31 104 27
110 31 104 27
110 31 104 27
110 31 104 27
111 29 104 27
110 31 104 27
111 29 104 27
110 30 104 27
64 99 58 95
110 31 104 27
111 27 104 27
111 27 104 27
111 24 104 24
64 100 58 95
110 31 104 27
111 29 104 27
61 102 58 95
111 27 104 27
111 29 104 27
110 31 104 27
110 31 104 27
110 31 104 27
110 31 104 27
110 31 104 27
110 31 104 27
116 35 110 31
118 24 111 24
36 104 38 97
116 35 110 31
116 35 110 31
116 35 110 31
115 36 110 31
116 35 110 31
118 29 111 29
116 35 110 31
118 24 111 24
116 35 110 31
118 24 111 24
118 31 111 29
69 105 64 100
118 32 111 29
70 104 64 100
118 29 111 29
69 105 64 100
116 35 110 31
116 35 110 31
118 31 111 29
70 104 64 100
118 31 111 29
118 31 111 29
116 35 110 31
116 35 110 31
70 103 64 100
118 29 111 29
116 36 110 31
118 31 111 29
116 35 110 31
70 112 69 105
125 32 118 32
125 23 118 24
125 24 118 24
125 32 118 32
122 40 116 36
122 40 116 36
122 40 116 36
122 40 116 36
125 33 118 32
122 40 116 36
125 32 118 32
72 112 69 105
125 32 118 32
70 112 69 105
122 40 116 36
125 35 118 32
122 40 116 36
125 32 118 32
69 113 69 105
69 112 69 105
125 33 118 32
122 40 116 36
122 40 116 36
72 112 69 105
125 32 118 32
71 112 69 105
122 40 116 36
132 36 125 35
128 44 122 40
128 44 122 40
132 35 125 35
132 36 125 35
131 38 125 35
128 44 122 40
132 38 125 35
128 44 122 40
69 120 69 113
132 32 125 32
128 44 122 40
128 44 122 40
128 44 122 40
127 46 122 40
128 44 122 40
132 38 125 35
128 44 122 40
128 44 122 40
128 44 122 40
128 44 122 40
132 36 125 35
128 44 122 40
138 42 132 38
139 39 132 38
72 127 69 120
139 38 132 38
133 50 127 46
138 42 132 38
138 42 132 38
138 42 132 38
139 40 132 38
139 41 132 38
138 42 132 38
139 32 132 32
71 127 69 120
139 41 132 38
139 40 132 38
139 39 132 38
138 42 132 38
138 42 132 38
139 41 132 38
139 38 132 38
139 40 132 38
138 42 132 38
138 42 132 38
69 127 69 120
139 32 132 32
139 40 132 38
138 42 132 38
138 42 132 38
146 44 139 41
139 54 133 50
146 42 139 41
146 44 139 41
63 131 69 127
145 45 139 41
146 41 139 41
145 45 139 41
139 54 133 50
146 44 139 41
145 45 139 41
146 38 139 38
145 45 139 41
146 42 139 41
145 45 139 41
145 45 139 41
145 45 139 41
145 45 139 41
145 45 139 41
145 44 139 41
145 45 139 41
146 42 139 41
145 45 139 41
146 44 139 41
69 134 69 127
145 45 139 41
138 55 133 50
145 45 139 41
34 69 41 69
146 42 139 41
153 38 146 38
152 47 146 44
152 48 146 44
153 44 146 44
152 48 146 44
152 48 146 44
153 45 146 44
152 48 146 44
69 141 69 134
152 47 146 44
152 48 146 44
153 44 146 44
152 48 146 44
153 47 146 44
152 48 146 44
153 37 146 38
153 45 146 44
153 47 146 44
152 48 146 44
152 48 146 44
153 47 146 44
143 61 138 55
152 48 146 44
152 48 146 44
152 48 146 44
142 25 139 32
152 48 146 44
153 44 146 44
159 51 153 47
160 47 153 47
159 51 153 47
159 50 153 47
159 51 153 47
159 51 153 47
159 51 153 47
159 51 153 47
160 49 153 47
160 50 153 47
66 148 69 141
160 49 153 47
160 47 153 47
159 51 153 47
159 51 153 47
160 47 153 47
160 47 153 47
159 51 153 47
160 37 153 37
159 51 153 47
69 148 69 141
159 51 153 47
147 67 143 61
67 32 72 37
159 51 153 47
159 51 153 47
36 62 34 69
166 54 160 50
15 38 20 33
166 54 160 50
152 73 147 67
152 72 147 67
153 72 147 67
166 54 160 50
167 36 160 37
153 71 147 67
147 19 142 25
153 72 147 67
150 74 147 67
61 153 66 148
166 54 160 50
166 54 160 50
167 50 160 50
64 155 66 148
166 54 160 50
166 54 160 50
70 155 69 148
167 51 160 50
167 53 160 50
152 72 147 67
167 53 160 50
167 52 160 50
166 54 160 50
65 155 66 148
166 54 160 50
73 162 70 155
173 57 167 53
173 57 167 53
63 162 64 155
70 162 70 155
174 54 167 53
173 57 167 53
174 53 167 53
73 161 70 155
173 57 167 53
152 81 150 74
174 36 167 36
173 57 167 53
158 77 153 72
173 57 167 53
174 54 167 53
159 76 153 72
173 57 167 53
173 57 167 53
159 77 153 72
159 76 153 72
156 79 152 73
160 74 153 72
62 162 64 155
174 55 167 53
173 57 167 53
173 57 167 53
149 81 150 74
75 160 70 155
174 56 167 53
174 56 167 53
78 167 73 162
180 60 174 56
165 81 159 77
180 60 174 56
180 60 174 56
180 60 174 56
164 82 159 77
181 53 174 53
148 88 149 81
181 36 174 36
165 81 159 77
181 35 174 36
181 59 174 56
82 162 75 160
181 58 174 56
180 60 174 56
165 81 159 77
180 60 174 56
180 60 174 56
180 60 174 56
180 60 174 56
181 58 174 56
180 60 174 56
180 60 174 56
180 60 174 56
77 168 73 162
181 59 174 56
165 81 159 77
180 60 174 56
165 81 159 77
10 44 15 38
188 62 181 59
169 87 164 82
188 60 181 59
188 60 181 59
187 63 181 59
187 63 181 59
75 175 77 168
187 63 181 59
187 63 181 59
187 63 181 59
188 62 181 59
132 60 138 55
20 33 15 38
187 63 181 59
88 166 82 162
187 63 181 59
187 63 181 59
187 63 181 59
188 34 181 35
187 63 181 59
187 63 181 59
141 88 148 88
187 62 181 59
187 63 181 59
188 60 181 59
188 53 181 53
187 63 181 59
75 175 77 168
195 53 188 53
196 62 188 62
78 182 75 175
95 166 88 166
195 34 188 34
195 34 188 34
195 62 188 62
73 182 75 175
93 171 88 166
195 34 188 34
73 182 75 175
95 169 88 166
77 182 75 175
92 172 88 166
63 38 67 32
81 189 78 182
96 178 92 172
30 108 36 104
97 177 92 172
203 62 196 62
72 189 73 182
80 189 78 182
81 189 78 182
68 187 73 182
72 189 73 182
70 189 73 182
203 63 196 62
101 173 95 169
79 189 78 182
77 190 77 182
203 62 196 62
107 177 101 173
85 195 81 189
77 197 77 190
54 153 61 153
210 62 203 62
68 196 70 189
107 177 101 173
26 114 30 108
68 93 64 99
66 195 70 189
210 61 203 62
77 197 77 190
210 62 203 62
217 61 210 61
217 60 210 61
113 181 107 177
114 177 107 177
89 201 85 195
113 182 107 177
114 179 107 177
169 95 169 87
88 202 85 195
113 182 107 177
17 47 10 44
114 180 107 177
224 60 217 60
224 63 217 61
224 61 217 61
223 65 217 61
223 65 217 61
118 187 113 182
224 58 217 60
224 61 217 61
223 65 217 61
223 65 217 61
224 64 217 61
223 65 217 61
92 208 88 202
121 176 114 177
119 186 113 182
224 62 217 61
222 66 217 61
119 186 113 182
223 65 217 61
224 58 217 60
117 188 113 182
223 65 217 61
223 65 217 61
224 59 217 60
89 209 88 202
222 66 217 61
223 65 217 61
223 65 217 61
223 65 217 61
92 208 88 202
222 66 217 61
231 57 224 58
230 68 224 64
227 72 222 66
230 68 224 64
231 58 224 58
122 193 117 188
230 68 224 64
125 190 119 186
230 68 224 64
226 72 222 66
231 57 224 58
230 68 224 64
227 71 222 66
231 66 224 64
230 68 224 64
230 68 224 64
230 55 224 58
95 215 92 208
231 66 224 64
230 68 224 64
231 66 224 64
155 19 147 19
230 69 224 64
230 68 224 64
134 90 141 88
230 68 224 64
231 56 224 58
41 99 36 104
231 67 224 64
230 68 224 64
95 215 92 208
47 156 54 153
236 73 230 69
238 69 231 67
131 194 125 190
231 78 227 72
232 78 227 72
236 73 230 69
27 71 34 69
130 195 125 190
238 70 231 67
236 73 230 69
132 193 125 190
235 74 230 69
59 196 66 195
131 194 125 190
238 69 231 67
236 73 230 69
232 77 227 72
236 73 230 69
236 74 230 69
62 201 66 195
236 73 230 69
222 78 226 72
236 73 230 69
127 16 125 23
231 78 227 72
132 193 125 190
90 220 95 215
125 200 122 193
238 68 231 67
238 70 231 67
98 222 95 215
242 78 236 74
242 78 236 74
138 196 132 193
69 25 67 32
242 78 236 74
99 229 98 222
242 78 236 74
242 78 236 74
103 227 98 222
242 79 236 74
20 73 27 71
242 79 236 74
87 227 90 220
59 207 62 201
245 71 238 70
242 78 236 74
245 68 238 68
242 78 236 74
245 72 238 70
242 78 236 74
101 229 98 222
62 208 62 201
245 71 238 70
245 71 238 70
139 195 132 193
138 197 132 193
242 78 236 74
138 197 132 193
242 78 236 74
242 78 236 74
245 70 238 70
242 78 236 74
249 82 242 79
248 83 242 79
252 68 245 68
249 82 242 79
252 75 245 72
250 63 245 68
248 83 242 79
248 83 242 79
252 75 245 72
160 13 155 19
20 117 26 114
248 83 242 79
20 109 26 114
248 82 242 79
45 163 47 156
249 82 242 79
248 83 242 79
248 83 242 79
248 83 242 79
248 84 242 79
248 83 242 79
248 83 242 79
248 83 242 79
248 83 242 79
83 233 87 227
144 201 138 197
252 68 245 68
254 88 248 84
259 76 252 75
76 24 69 25
259 77 252 75
254 88 248 84
253 89 248 84
149 206 144 201
259 77 252 75
254 88 248 84
259 68 252 68
254 88 248 84
254 88 248 84
254 89 248 84
259 76 252 75
254 89 248 84
38 160 45 163
254 88 248 84
259 77 252 75
254 89 248 84
256 85 249 82
259 67 252 68
259 77 252 75
9 34 15 38
254 88 248 84
167 13 160 13
259 76 252 75
254 88 248 84
254 88 248 84
254 88 248 84
254 88 248 84
254 88 248 84
260 93 254 89
126 171 121 176
3 30 9 34
260 93 254 89
20 26 20 33
259 94 254 89
260 93 254 89
257 96 254 89
260 94 254 89
260 93 254 89
260 93 254 89
266 77 259 77
252 96 253 89
260 93 254 89
260 93 254 89
121 42 128 44
266 65 259 67
54 213 59 207
266 66 259 67
47 104 41 99
155 211 149 206
266 78 259 77
254 97 254 89
260 93 254 89
260 60 259 67
260 93 254 89
263 88 256 85
266 79 259 77
260 93 254 89
18 26 20 33
266 98 260 94
265 99 260 94
266 98 260 94
266 98 260 94
266 98 260 94
266 98 260 94
266 98 260 94
266 98 260 94
273 79 266 79
273 79 266 79
266 98 260 94
266 98 260 94
273 81 266 79
266 98 260 94
266 98 260 94
266 98 260 94
79 239 83 233
156 218 155 211
266 98 260 94
159 205 155 211
264 100 260 94
273 64 266 65
266 98 260 94
266 98 260 94
261 102 257 96
270 91 263 88
273 79 266 79
273 65 266 65
273 66 266 66
266 98 260 94
63 88 68 93
272 102 266 98
272 102 266 98
272 102 266 98
157 225 156 218
264 109 261 102
280 63 273 64
272 102 266 98
151 223 156 218
277 93 270 91
280 81 273 81
166 206 159 205
272 102 266 98
272 102 266 98
280 62 273 64
272 102 266 98
33 165 38 160
272 102 266 98
271 103 266 98
277 94 270 91
280 62 273 64
156 88 148 88
272 102 266 98
162 222 156 218
280 83 273 81
272 102 266 98
162 222 156 218
280 63 273 64
280 64 273 64
284 97 277 94
288 63 280 63
278 106 272 102
287 62 280 62
278 106 272 102
278 106 272 102
287 83 280 83
278 106 272 102
56 220 54 213
278 106 272 102
287 61 280 62
278 106 272 102
168 227 162 222
157 232 157 225
77 246 79 239
278 106 272 102
278 106 272 102
287 83 280 83
278 106 272 102
287 61 280 62
284 97 277 94
287 81 280 81
277 107 272 102
158 232 157 225
123 164 126 171
284 56 280 62
284 97 277 94
287 83 280 83
278 106 272 102
167 227 162 222
158 232 157 225
278 106 272 102
58 82 63 88
284 110 278 106
174 232 168 227
173 233 168 227
284 110 278 106
294 83 287 83
174 231 168 227
30 172 33 165
295 62 288 63
280 114 277 107
175 229 168 227
284 110 278 106
81 252 77 246
281 113 277 107
76 253 77 246
158 239 158 232
175 229 168 227
284 110 278 106
281 113 277 107
291 99 284 97
160 239 158 232
295 62 288 63
284 110 278 106
80 253 77 246
291 99 284 97
73 252 77 246
294 85 287 83
282 113 277 107
284 110 278 106
294 83 287 83
284 110 278 106
284 110 278 106
286 119 282 113
262 116 264 109
288 117 282 113
82 260 80 253
288 117 282 113
297 102 291 99
37 109 30 108
25 21 20 26
288 117 282 113
288 117 282 113
288 117 282 113
71 259 73 252
287 118 282 113
288 117 282 113
288 117 282 113
263 116 264 109
68 258 73 252
288 117 282 113
85 258 80 253
288 117 282 113
288 117 282 113
176 240 173 233
288 117 282 113
288 117 282 113
287 50 284 56
288 117 282 113
3 47 10 44
288 117 282 113
298 102 291 99
75 260 76 253
294 121 288 117
291 124 286 119
294 121 288 117
294 121 288 117
182 245 176 240
294 121 288 117
128 94 134 90
123 10 127 16
47 214 54 213
290 125 286 119
57 168 62 162
155 246 158 239
144 48 152 48
294 121 288 117
61 258 68 258
65 265 68 258
294 121 288 117
294 121 288 117
62 45 63 38
289 126 286 119
289 126 286 119
290 125 286 119
294 121 288 117
294 121 288 117
187 251 182 245
293 132 289 126
293 46 287 50
46 207 47 214
167 29 167 36
67 272 65 265
184 252 182 245
66 18 69 25
78 17 76 24
148 95 148 88
189 248 182 245
83 26 76 24
298 138 293 132
82 27 76 24
294 39 293 46
155 253 155 246
150 252 155 246
169 199 166 206
192 256 187 251
90 263 85 258
54 259 61 258
292 139 293 132
119 158 123 164
294 144 298 138
304 142 298 138
304 142 298 138
304 142 298 138
195 263 192 256
304 142 298 138
304 142 298 138
302 144 298 138
64 279 67 272
199 259 192 256
304 142 298 138
304 142 298 138
14 54 17 47
126 55 132 60
304 142 298 138
304 142 298 138
304 142 298 138
304 142 298 138
304 142 298 138
304 142 298 138
304 142 298 138
311 144 304 142
306 150 302 144
310 146 304 142
310 146 304 142
310 146 304 142
310 146 304 142
310 146 304 142
253 104 254 97
310 146 304 142
176 199 169 199
311 144 304 142
310 146 304 142
303 151 302 144
311 143 304 142
310 146 304 142
310 146 304 142
310 146 304 142
311 144 304 142
47 257 54 259
310 146 304 142
197 270 195 263
310 146 304 142
306 150 302 144
307 149 302 144
205 263 199 259
310 146 304 142
316 150 310 146
316 150 310 146
128 101 128 94
129 160 123 164
319 143 311 143
148 102 148 95
68 172 75 175
318 145 311 144
316 150 310 146
316 150 310 146
316 150 310 146
318 146 311 144
153 101 148 95
308 157 306 150
316 150 310 146
316 150 310 146
211 267 205 263
318 142 311 143
145 257 150 252
193 276 197 270
40 254 47 257
316 150 310 146
304 158 303 151
315 151 310 146
316 150 310 146
316 150 310 146
60 285 64 279
322 154 316 150
322 154 316 150
297 161 304 158
322 154 316 150
322 154 316 150
322 154 316 150
146 74 149 81
322 154 316 150
322 155 316 150
128 42 121 42
60 14 66 18
193 283 193 276
322 154 316 150
323 153 316 150
326 142 319 143
326 143 319 143
256 121 262 116
174 12 167 13
326 142 319 143
322 154 316 150
304 165 304 158
322 153 316 150
160 5 160 13
322 154 316 150
326 145 319 143
326 143 319 143
322 154 316 150
328 159 322 155
328 159 322 155
187 287 193 283
333 142 326 142
328 159 322 155
16 123 20 117
326 161 322 155
328 159 322 155
328 159 322 155
328 159 322 155
328 159 322 155
181 9 174 12
306 172 304 165
328 159 322 155
333 147 326 145
328 159 322 155
328 159 322 155
125 207 125 200
328 159 322 155
333 146 326 145
328 159 322 155
292 166 297 161
328 159 322 155
328 159 322 155
328 159 322 155
334 163 328 159
334 163 328 159
334 163 328 159
340 147 333 147
200 29 195 34
334 163 328 159
335 162 328 159
335 161 328 159
340 149 333 147
334 163 328 159
334 163 328 159
340 150 333 147
334 163 328 159
237 52 231 56
340 147 333 147
334 163 328 159
94 269 90 263
340 148 333 147
331 166 326 161
331 166 326 161
185 294 187 287
334 163 328 159
334 163 328 159
216 273 211 267
334 163 328 159
334 163 328 159
52 193 59 196
340 142 333 142
347 153 340 150
347 140 340 142
180 299 185 294
341 166 335 162
339 168 334 163
341 166 335 162
347 141 340 142
347 140 340 142
73 203 77 197
341 166 335 162
33 254 40 254
289 173 292 166
341 166 335 162
347 142 340 142
341 167 335 162
341 166 335 162
341 166 335 162
54 289 60 285
341 166 335 162
347 152 340 150
341 166 335 162
335 172 331 166
341 166 335 162
347 172 341 167
339 178 335 172
54 296 54 289
179 306 180 299
347 171 341 167
352 135 347 140
346 172 341 167
26 254 33 254
347 171 341 167
180 306 180 299
348 169 341 167
339 178 335 172
347 171 341 167
176 305 180 299
29 260 33 254
36 153 38 160
354 139 347 140
347 171 341 167
347 171 341 167
185 304 180 299
306 179 306 172
26 256 33 254
347 171 341 167
353 136 347 140
353 136 347 140
347 171 341 167
178 192 176 199
347 171 341 167
361 139 354 139
343 184 339 178
58 302 54 296
26 164 33 165
353 176 347 172
353 176 347 172
353 176 347 172
353 176 347 172
353 176 347 172
353 176 347 172
361 138 354 139
191 308 185 304
355 170 348 169
56 303 54 296
353 176 347 172
353 176 347 172
354 174 347 172
353 176 347 172
353 176 347 172
343 184 339 178
352 177 347 172
353 176 347 172
355 170 348 169
360 134 353 136
343 184 339 178
360 133 353 136
99 205 92 208
353 176 347 172
339 185 339 178
359 180 353 176
358 181 353 176
356 183 352 177
359 180 353 176
58 147 54 153
359 180 353 176
359 180 353 176
360 179 353 176
359 180 353 176
359 180 353 176
359 180 353 176
70 283 64 279
359 180 353 176
359 180 353 176
169 306 176 305
359 180 353 176
64 52 62 45
368 137 361 138
357 182 352 177
359 180 353 176
359 180 353 176
136 157 129 160
367 131 360 133
361 176 354 174
255 128 256 121
359 180 353 176
356 183 352 177
365 128 360 133
359 180 353 176
366 183 360 179
375 137 368 137
369 122 365 128
366 183 360 179
197 312 191 308
128 34 128 42
375 138 368 137
366 183 360 179
192 315 191 308
58 56 64 52
198 310 191 308
366 183 360 179
366 183 360 179
367 181 360 179
371 124 365 128
55 310 56 303
375 137 368 137
359 190 356 183
366 183 360 179
198 310 191 308
356 190 356 183
375 139 368 137
374 129 367 131
11 128 16 123
366 183 360 179
367 181 360 179
54 310 56 303
61 185 68 187
372 187 366 183
372 187 366 183
382 137 375 137
354 197 356 190
377 120 371 124
372 187 366 183
373 186 366 183
365 194 359 190
209 257 205 263
381 126 374 129
62 313 55 310
372 187 366 183
40 92 41 99
71 52 64 52
94 276 94 269
374 184 367 181
372 187 366 183
181 313 180 306
25 177 30 172
363 196 359 190
363 146 361 139
372 187 366 183
372 187 366 183
380 125 374 129
381 129 374 129
381 114 377 120
379 190 373 186
379 190 373 186
379 190 373 186
382 115 377 120
365 203 363 196
64 320 62 313
379 190 373 186
194 322 192 315
379 190 373 186
383 116 377 120
388 123 381 126
205 313 198 310
249 132 255 128
194 322 192 315
379 190 373 186
379 190 373 186
379 190 373 186
378 113 377 120
367 202 363 196
264 123 263 116
193 322 192 315
388 125 381 126
379 190 373 186
182 186 178 192
379 190 373 186
385 194 379 190
385 194 379 190
385 194 379 190
246 101 253 104
67 327 64 320
164 194 169 199
313 173 306 172
385 194 379 190
395 121 388 123
203 36 200 29
385 194 379 190
385 194 379 190
385 194 379 190
385 194 379 190
385 194 379 190
395 123 388 123
366 210 365 203
204 23 200 29
385 194 379 190
242 130 249 132
62 327 64 320
385 194 379 190
364 210 365 203
293 32 294 39
167 36 167 29
166 313 169 306
385 194 379 190
140 54 144 48
386 190 379 190
392 196 385 194
391 198 385 194
215 280 216 273
349 202 354 197
191 329 193 322
212 316 205 313
402 121 395 121
402 119 395 121
402 119 395 121
69 334 67 327
401 116 395 121
392 195 385 194
247 139 249 132
391 198 385 194
380 106 378 113
392 195 385 194
391 198 385 194
391 198 385 194
57 333 62 327
391 198 385 194
160 102 153 101
391 198 385 194
196 39 203 36
391 198 385 194
391 198 385 194
118 35 121 42
160 318 166 313
378 106 378 113
391 198 385 194
39 116 37 109
158 325 160 318
409 117 402 119
409 118 402 119
399 198 392 196
409 123 402 121
76 333 69 334
397 202 391 198
409 117 402 119
408 113 401 116
409 119 402 119
399 196 392 196
399 197 392 196
393 205 391 198
40 214 47 214
397 202 391 198
397 202 391 198
397 202 391 198
397 202 391 198
397 202 391 198
397 202 391 198
415 111 408 113
406 198 399 198
153 72 146 74
403 206 397 202
416 116 409 117
403 206 397 202
406 198 399 198
403 206 397 202
119 172 126 171
406 201 399 198
395 212 393 205
403 206 397 202
415 111 408 113
403 206 397 202
403 206 397 202
417 123 409 123
53 15 60 14
403 206 397 202
52 109 47 104
76 196 73 203
406 196 399 196
415 111 408 113
403 206 397 202
416 117 409 117
403 206 397 202
423 115 416 116
424 124 417 123
409 210 403 206
409 210 403 206
424 126 417 123
413 195 406 196
413 201 406 201
413 202 406 201
80 339 76 333
397 219 395 212
134 150 136 157
424 125 417 123
409 210 403 206
409 210 403 206
409 210 403 206
413 198 406 198
413 202 406 201
409 210 403 206
409 210 403 206
284 178 289 173
409 210 403 206
409 210 403 206
413 204 406 201
409 210 403 206
396 219 395 212
409 210 403 206
414 198 406 198
91 283 94 276
419 208 413 204
415 214 409 210
419 208 413 204
33 99 41 99
419 208 413 204
414 216 409 210
430 113 423 115
380 99 380 106
419 208 413 204
415 214 409 210
419 208 413 204
430 114 423 115
398 226 397 219
160 188 164 194
121 61 126 55
419 208 413 204
145 247 150 252
430 112 423 115
398 226 397 219
415 215 409 210
94 290 91 283
165 108 160 102
419 208 413 204
419 208 413 204
419 208 413 204
420 205 413 204
419 208 413 204
421 219 415 215
421 219 415 215
421 219 415 215
421 219 415 215
192 45 196 39
421 219 415 215
421 219 415 215
421 219 415 215
430 105 430 112
426 211 419 208
211 22 204 23
421 219 415 215
421 219 415 215
421 219 415 215
304 186 306 179
421 219 415 215
214 252 209 257
421 220 415 215
57 140 58 147
421 219 415 215
421 219 415 215
421 219 415 215
401 233 398 226
56 340 57 333
154 184 160 188
380 92 380 99
428 98 430 105
402 240 401 233
427 224 421 220
427 224 421 220
394 234 401 233
196 245 189 248
286 30 293 32
218 84 222 78
427 224 421 220
239 85 242 79
427 224 421 220
403 240 401 233
426 225 421 220
384 144 382 137
432 98 430 105
427 224 421 220
427 224 421 220
22 248 26 254
394 236 401 233
427 224 421 220
186 280 187 287
427 224 421 220
433 213 426 211
427 224 421 220
81 346 80 339
433 228 427 224
433 228 427 224
433 228 427 224
433 228 427 224
433 228 427 224
434 226 427 224
433 228 427 224
22 15 25 21
433 228 427 224
75 173 68 172
387 99 380 99
430 231 426 225
213 323 212 316
405 247 403 240
239 64 245 68
433 228 427 224
433 228 427 224
431 231 426 225
433 228 427 224
292 76 287 81
279 183 284 178
237 68 245 68
388 240 394 236
439 232 433 228
157 332 158 325
441 229 434 226
87 351 81 346
439 232 433 228
439 232 433 228
408 254 405 247
439 232 433 228
148 109 148 102
441 226 434 226
20 182 25 177
82 11 78 17
173 24 167 29
87 337 80 339
432 91 432 98
439 232 433 228
403 254 405 247
79 167 75 173
346 209 349 202
432 91 432 98
439 232 433 228
439 232 433 228
439 232 433 228
99 198 99 205
408 105 408 113
429 84 432 91
413 260 408 254
447 233 441 229
68 247 73 252
401 261 403 254
432 84 432 91
447 233 441 229
447 233 441 229
448 223 441 226
447 233 441 229
447 233 441 229
449 229 441 229
447 233 441 229
448 226 441 226
447 233 441 229
447 233 441 229
434 206 433 213
447 233 441 229
447 233 441 229
443 238 439 232
456 229 449 229
46 310 54 310
453 237 447 233
431 129 424 126
453 237 447 233
65 147 58 147
84 4 82 11
456 231 449 229
50 343 56 340
455 220 448 223
453 237 447 233
391 142 384 144
413 267 413 260
453 237 447 233
453 237 447 233
456 232 449 229
453 237 447 233
371 104 378 106
401 268 401 261
50 344 56 340
429 77 429 84
141 162 136 157
453 237 447 233
304 194 304 186
57 75 58 82
456 229 449 229
459 241 453 237
84 358 87 351
163 85 156 88
415 274 413 267
459 241 453 237
77 209 73 203
459 241 453 237
380 85 380 92
463 232 456 232
47 116 39 116
462 219 455 220
461 216 455 220
457 243 453 237
210 37 203 36
272 183 279 183
459 241 453 237
459 241 453 237
463 229 456 229
162 256 155 253
434 71 429 77
397 274 401 268
459 241 453 237
426 237 430 231
164 115 165 108
459 241 453 237
459 241 453 237
459 241 453 237
382 244 388 240
418 281 415 274
469 219 462 219
94 348 87 351
465 245 459 241
468 213 461 216
465 245 459 241
465 245 459 241
465 245 459 241
465 245 459 241
422 276 415 274
465 245 459 241
465 245 459 241
12 41 9 34
282 24 286 30
469 217 462 219
394 280 397 274
465 245 459 241
26 96 33 99
470 234 463 232
465 245 459 241
39 311 46 310
465 245 459 241
91 6 84 4
469 218 462 219
465 245 459 241
391 278 397 274
470 250 465 245
476 216 469 217
125 214 125 207
23 264 29 260
240 142 247 139
471 249 465 245
431 64 434 71
471 249 465 245
469 251 465 245
471 249 465 245
70 88 63 88
415 288 418 281
471 249 465 245
471 249 465 245
477 233 470 234
476 217 469 217
471 249 465 245
418 288 418 281
363 169 361 176
476 216 469 217
274 24 282 24
477 234 470 234
191 336 191 329
477 237 470 234
275 23 282 24
189 186 182 186
90 28 83 26
483 214 476 216
477 253 471 249
413 295 415 288
266 188 272 183
477 253 471 249
477 253 471 249
427 58 431 64
477 253 471 249
293 112 288 117
477 253 471 249
33 315 39 311
477 253 471 249
388 271 391 278
477 253 471 249
235 128 242 130
422 294 418 288
477 253 471 249
477 253 471 249
477 253 471 249
477 253 471 249
477 253 471 249
477 253 471 249
477 253 471 249
481 211 476 216
424 293 418 288
434 199 434 206
477 253 471 249
80 364 84 358
236 45 237 52
165 325 158 325
360 123 365 128
429 298 424 293
490 213 483 214
424 51 427 58
26 242 22 248
259 187 266 188
59 269 65 265
133 51 140 54
304 201 304 194
36 146 36 153
218 19 211 22
43 345 50 344
497 212 490 213
193 192 189 186
46 350 50 344
497 210 490 213
496 209 490 213
92 332 87 337
89 295 94 290
381 271 388 271
481 204 481 211
12 135 11 128
390 286 394 280
412 302 413 295
497 214 490 213
43 345 50 344
99 354 94 348
409 308 412 302
464 256 469 251
503 218 497 214
298 27 293 32
410 309 412 302
212 330 213 323
83 290 89 295
17 189 20 182
43 200 46 207
505 210 497 210
406 130 409 123
213 287 215 280
48 317 46 310
503 206 497 210
106 355 99 354
510 221 503 218
476 199 481 204
121 104 128 101
510 221 503 218
512 207 505 210
432 305 429 298
16 263 23 264
364 102 371 104
432 305 429 298
19 97 26 96
35 305 39 311
509 222 503 218
512 210 505 210
312 186 304 186
380 77 380 85
519 207 512 207
515 226 510 221
515 226 510 221
267 177 272 183
519 207 512 207
515 226 510 221
515 226 510 221
82 35 82 27
515 226 510 221
514 228 509 222
515 226 510 221
515 226 510 221
515 226 510 221
162 264 162 256
514 227 509 222
514 228 509 222
515 226 510 221
515 226 510 221
141 149 134 150
515 226 510 221
267 25 274 24
515 226 510 221
519 210 512 210
515 226 510 221
516 226 510 221
515 226 510 221
515 226 510 221
247 108 246 101
521 231 516 226
523 228 516 226
521 231 516 226
526 210 519 210
62 134 57 140
521 231 516 226
521 231 516 226
519 217 519 210
438 310 432 305
521 231 516 226
432 241 426 237
521 231 516 226
520 200 519 207
521 231 516 226
87 327 92 332
416 188 413 195
410 316 410 309
424 44 424 51
518 234 514 228
505 228 509 222
410 316 410 309
522 230 516 226
398 140 391 142
381 263 381 271
533 209 526 210
47 11 53 15
530 229 523 228
527 235 522 230
527 235 522 230
188 8 181 9
264 32 267 25
426 70 429 77
522 193 520 200
252 188 259 187
527 235 522 230
527 235 522 230
527 235 522 230
530 230 523 228
527 235 522 230
406 322 410 316
442 316 438 310
160 70 153 72
429 39 424 44
35 345 43 345
445 312 438 310
527 235 522 230
419 39 424 44
217 12 218 19
37 85 40 92
42 356 46 350
451 316 445 312
55 154 58 147
225 18 218 19
531 241 527 235
452 315 445 312
300 207 304 201
434 136 431 129
170 82 163 85
532 240 527 235
516 241 518 234
169 264 162 264
452 314 445 312
532 240 527 235
285 164 292 166
65 240 68 247
526 242 527 235
532 240 527 235
267 195 266 188
199 329 191 329
452 315 445 312
436 38 429 39
532 240 527 235
533 239 527 235
536 233 530 230
451 315 445 312
532 240 527 235
435 35 429 39
267 202 267 195
538 244 533 239
543 235 536 233
540 207 533 209
41 320 48 317
538 244 533 239
538 244 533 239
184 327 191 329
535 247 531 241
538 244 533 239
110 361 106 355
538 244 533 239
538 244 533 239
423 188 416 188
536 246 531 241
515 192 522 193
538 244 533 239
538 244 533 239
527 188 522 193
538 244 533 239
538 244 533 239
538 244 533 239
538 244 533 239
282 66 287 61
543 249 538 244
543 249 538 244
533 184 527 188
543 249 538 244
543 249 538 244
34 356 42 356
275 31 274 24
458 319 452 315
217 245 214 252
118 5 123 10
209 15 211 22
300 214 300 207
543 249 538 244
543 249 538 244
543 249 538 244
452 306 452 314
543 249 538 244
251 195 252 188
543 249 538 244
546 203 540 207
134 105 128 101
23 28 25 21
547 205 540 207
543 249 538 244
543 249 538 244
279 160 285 164
543 249 538 244
112 368 110 361
24 235 26 242
53 204 46 207
403 329 406 322
538 178 533 184
554 204 547 205
124 200 125 207
548 254 543 249
554 204 547 205
548 254 543 249
548 254 543 249
33 215 40 214
548 254 543 249
548 254 543 249
554 207 547 205
153 316 160 318
158 339 157 332
537 178 533 184
408 329 406 322
548 254 543 249
193 343 191 336
419 69 426 70
413 36 419 39
157 339 157 332
550 249 543 249
224 248 217 245
403 145 398 140
553 259 548 254
276 70 282 66
553 259 548 254
373 76 380 77
553 259 548 254
553 259 548 254
303 22 298 27
553 259 548 254
553 259 548 254
553 259 548 254
553 259 548 254
553 259 548 254
117 373 112 368
503 199 503 206
561 201 554 204
33 363 34 356
553 259 548 254
553 259 548 254
122 221 125 214
167 122 164 115
553 259 548 254
66 128 62 134
437 28 435 35
553 259 548 254
371 69 373 76
558 264 553 259
15 18 22 15
568 198 561 201
558 264 553 259
118 380 117 373
264 39 264 32
558 264 553 259
558 264 553 259
558 264 553 259
554 266 553 259
24 190 17 189
189 349 193 343
558 264 553 259
558 264 553 259
558 264 553 259
558 264 553 259
407 31 413 36
558 264 553 259
241 39 236 45
558 264 553 259
539 171 538 178
558 264 553 259
568 203 561 201
558 264 553 259
232 248 224 248
457 326 458 319
558 264 553 259
256 180 259 187
269 69 276 70
563 269 558 264
53 61 58 56
563 269 558 264
563 269 558 264
563 269 558 264
563 269 558 264
575 205 568 203
372 97 371 104
563 269 558 264
563 269 558 264
561 193 561 201
563 269 558 264
414 181 416 188
400 29 407 31
563 269 558 264
284 37 286 30
563 269 558 264
409 336 408 329
564 268 558 264
376 177 374 184
233 145 240 142
563 269 558 264
563 269 558 264
166 250 162 256
183 201 176 199
300 221 300 214
569 273 564 268
569 273 564 268
582 205 575 205
581 200 575 205
569 273 564 268
569 273 564 268
228 126 235 128
543 165 539 171
569 273 564 268
383 289 390 286
569 273 564 268
569 273 564 268
569 273 564 268
581 202 575 205
569 273 564 268
569 273 564 268
310 20 303 22
569 273 564 268
543 165 539 171
20 229 24 235
569 273 564 268
200 193 193 192
302 221 300 214
569 273 564 268
403 341 409 336
13 180 20 182
21 54 14 54
588 198 581 200
574 278 569 273
124 371 117 373
574 278 569 273
237 243 232 248
15 91 19 97
408 343 409 336
227 149 233 145
574 278 569 273
133 112 134 105
117 358 110 361
574 278 569 273
308 214 300 214
576 273 569 273
574 278 569 273
538 160 543 165
432 143 434 136
113 386 118 380
574 278 569 273
411 343 409 336
585 194 581 200
574 278 569 273
589 204 582 205
549 161 543 165
115 224 122 221
591 189 585 194
579 283 574 278
444 29 437 28
591 191 585 194
555 157 549 161
173 40 167 36
575 285 574 278
258 43 264 39
579 283 574 278
579 283 574 278
33 298 35 305
28 53 21 54
76 370 80 364
579 283 574 278
26 361 33 363
464 315 458 319
579 283 574 278
357 101 364 102
405 350 408 343
579 283 574 278
551 154 549 161
5 134 12 135
226 133 228 126
584 288 579 283
557 247 550 249
584 288 579 283
113 30 118 35
584 288 579 283
572 292 575 285
584 288 579 283
130 375 124 371
451 29 444 29
584 288 579 283
584 288 579 283
266 209 267 202
584 288 579 283
74 377 76 370
584 288 579 283
131 200 124 200
584 288 579 283
584 288 579 283
584 288 579 283
584 288 579 283
584 288 579 283
584 288 579 283
584 288 579 283
44 363 42 356
449 24 444 29
214 239 217 245
545 196 546 203
137 374 130 375
534 154 538 160
589 293 584 288
353 120 360 123
589 293 584 288
112 1 118 5
589 293 584 288
589 293 584 288
407 357 405 350
589 293 584 288
74 277 70 283
149 332 157 332
589 293 584 288
570 299 572 292
549 231 543 235
479 260 477 253
560 152 555 157
365 64 371 69
589 293 584 288
153 345 157 339
469 309 464 315
158 178 154 184
181 333 184 327
589 293 584 288
458 31 451 29
590 211 589 204
593 299 589 293
594 298 589 293
573 306 570 299
597 293 589 293
48 66 53 61
594 298 589 293
594 298 589 293
594 298 589 293
596 293 589 293
25 298 33 298
108 227 115 224
307 227 302 221
594 298 589 293
71 191 76 196
594 298 589 293
476 311 469 309
594 298 589 293
115 393 113 386
594 298 589 293
594 298 589 293
193 52 192 45
594 298 589 293
439 217 433 213
565 147 560 152
594 298 589 293
563 145 560 152
572 144 565 147
403 363 407 357
78 29 82 35
61 173 68 172
132 58 133 51
369 58 365 64
153 93 153 101
599 303 594 298
413 361 407 357
275 77 276 70
236 236 237 243
413 361 407 357
597 211 590 211
527 180 533 184
599 303 594 298
401 360 407 357
51 22 53 15
532 147 534 154
600 303 594 298
267 216 266 209
599 303 594 298
281 190 279 183
571 143 565 147
599 303 594 298
509 188 515 192
78 180 75 173
599 303 594 298
605 308 600 303
54 255 47 257
578 140 572 144
605 308 600 303
526 151 532 147
604 309 600 303
563 299 570 299
605 308 600 303
318 182 312 186
545 212 540 207
313 13 310 20
605 308 600 303
207 290 213 287
464 264 464 256
478 267 479 260
80 202 73 203
573 136 571 143
605 308 600 303
605 308 600 303
605 308 600 303
246 65 239 64
605 308 600 303
570 313 573 306
477 267 479 260
138 63 132 58
605 308 600 303
573 136 571 143
13 195 17 189
68 180 68 172
189 356 189 349
610 313 605 308
610 313 605 308
86 320 87 327
610 313 605 308
610 313 605 308
611 312 605 308
610 313 605 308
256 114 256 121
23 368 26 361
120 399 115 393
160 33 167 36
575 129 573 136
610 313 605 308
577 130 573 136
610 313 605 308
462 331 457 326
610 313 605 308
147 312 153 316
610 313 605 308
531 140 532 147
610 313 605 308
610 313 605 308
10 13 15 18
461 332 457 326
616 317 611 312
581 124 577 130
577 266 576 273
616 317 611 312
616 317 611 312
616 317 611 312
377 170 376 177
616 317 611 312
571 151 572 144
600 217 597 211
315 227 307 227
616 317 611 312
616 317 611 312
616 317 611 312
616 317 611 312
616 317 611 312
616 317 611 312
74 349 81 346
616 317 611 312
616 317 611 312
616 317 611 312
424 91 432 91
292 119 293 112
550 218 545 212
611 320 610 313
465 30 458 31
462 339 461 332
621 322 616 317
33 370 33 363
616 306 611 312
621 322 616 317
621 322 616 317
621 322 616 317
195 360 189 356
462 339 461 332
622 322 616 317
395 188 392 195
152 103 148 109
206 196 200 193
614 324 616 317
302 233 307 227
173 248 166 250
621 322 616 317
166 129 167 122
291 126 292 119
12 173 13 180
471 33 465 30
627 327 622 322
627 327 622 322
627 327 622 322
627 327 622 322
627 327 622 322
30 142 36 146
190 366 195 360
19 374 23 368
302 240 302 233
627 327 622 322
627 327 622 322
627 327 622 322
413 64 419 69
627 327 622 322
623 303 616 306
147 182 154 184
627 327 622 322
627 327 622 322
117 199 124 200
457 256 464 256
627 327 622 322
80 381 74 377
193 367 195 360
632 332 627 327
244 198 251 195
632 332 627 327
49 123 47 116
632 332 627 327
632 332 627 327
469 330 462 331
526 135 531 140
563 312 570 313
632 332 627 327
147 349 153 345
632 332 627 327
632 332 627 327
129 222 122 221
632 332 627 327
632 332 627 327
207 203 206 196
604 208 597 211
632 332 627 327
632 332 627 327
634 327 627 327
632 332 627 327
358 61 365 64
383 256 381 263
637 337 632 332
637 337 632 332
637 337 632 332
453 18 449 24
425 284 418 281
604 292 597 293
610 204 604 208
222 154 227 149
611 208 604 208
637 337 632 332
15 248 22 248
463 346 462 339
432 51 424 51
396 35 400 29
637 337 632 332
18 381 19 374
55 28 51 22
641 325 634 327
610 204 604 208
612 331 614 324
298 126 291 126
463 353 463 346
642 342 637 337
642 342 637 337
227 25 225 18
61 291 54 289
504 183 509 188
285 75 292 76
151 243 145 247
226 11 225 18
486 221 483 214
642 342 637 337
413 56 413 64
642 342 637 337
54 281 54 289
294 69 292 76
170 319 166 313
642 342 637 337
470 346 463 346
403 312 409 308
477 346 470 346
647 347 642 342
647 347 642 342
51 80 57 75
647 347 642 342
647 347 642 342
19 359 26 361
647 347 642 342
152 115 148 109
25 354 26 361
647 347 642 342
341 157 340 150
130 193 131 200
295 243 302 240
420 359 413 361
523 128 526 135
70 317 64 320
387 86 380 85
608 337 612 331
475 351 470 346
647 347 642 342
647 347 642 342
613 197 610 204
652 352 647 347
652 352 647 347
133 143 134 150
169 272 169 264
652 352 647 347
652 352 647 347
575 318 570 313
577 118 581 124
532 202 533 209
60 82 57 75
618 208 611 208
438 193 434 199
652 352 647 347
8 249 15 248
478 32 471 33
394 363 401 360
104 193 99 198
579 147 578 140
581 117 581 124
582 117 581 124
578 295 572 292
434 316 438 310
67 274 74 277
580 117 581 124
478 32 471 33
652 352 647 347
657 357 652 352
24 157 26 164
214 202 207 203
659 354 652 352
290 183 284 178
657 357 652 352
414 74 419 69
485 32 478 32
120 351 117 358
657 357 652 352
72 146 65 147
657 357 652 352
482 38 478 32
219 133 226 133
657 357 652 352
657 357 652 352
269 61 269 69
584 110 582 117
657 357 652 352
618 192 613 197
583 110 582 117
657 357 652 352
657 357 652 352
388 366 394 363
281 17 282 24
619 193 613 197
657 357 652 352
354 128 352 135
657 357 652 352
657 357 652 352
662 362 657 357
662 362 657 357
568 127 575 129
662 362 657 357
584 152 579 147
31 339 35 345
13 229 20 229
136 206 131 200
647 321 641 325
317 22 310 20
57 191 61 185
660 364 657 357
662 362 657 357
320 16 313 13
541 152 534 154
424 365 420 359
268 170 267 177
314 209 308 214
662 362 657 357
662 362 657 357
74 289 70 283
667 367 662 362
667 367 662 362
667 367 662 362
463 360 463 353
295 250 295 243
405 152 403 145
667 367 662 362
162 201 164 194
381 367 388 366
604 343 608 337
201 295 207 290
604 343 608 337
296 250 295 243
382 362 388 366
667 367 662 362
186 273 186 280
428 271 422 276
200 369 193 367
667 367 662 362
667 367 662 362
581 103 583 110
504 176 504 183
667 367 662 362
625 209 618 208
667 367 662 362
8 256 8 249
498 231 505 228
1
10 10
