3309
10 10 
17 13 10 10
14 16 10 10
14 16 10 10
16 14 10 10
12 17 10 10
17 11 10 10
16 15 10 10
15 15 10 10
15 15 10 10
13 17 10 10
14 16 10 10
17 12 10 10
12 17 10 10
17 10 10 10
15 16 10 10
17 11 10 10
10 17 10 10
17 11 10 10
11 17 10 10
17 10 10 10
16 15 10 10
17 11 10 10
17 10 10 10
17 10 10 10
17 11 10 10
11 17 10 10
15 15 10 10
17 13 10 10
15 15 10 10
16 14 10 10
16 14 10 10
17 11 10 10
22 19 16 15
24 14 17 13
24 14 17 13
24 15 17 13
24 14 17 13
24 14 17 13
22 19 16 15
22 19 16 15
10 24 10 17
25 11 17 11
24 10 17 10
22 19 16 15
22 19 16 15
12 24 11 17
24 15 17 13
21 20 16 15
24 14 17 13
24 15 17 13
24 14 17 13
24 14 17 13
24 14 17 13
12 24 11 17
22 18 16 15
24 15 17 13
20 21 16 15
23 18 16 15
23 18 16 15
20 21 16 15
24 14 17 13
10 24 10 17
24 14 17 13
32 12 25 11
25 27 20 21
29 22 23 18
32 11 25 11
23 27 20 21
29 22 23 18
32 11 25 11
13 31 12 24
30 21 23 18
25 27 20 21
30 20 23 18
30 21 23 18
31 17 24 15
32 11 25 11
31 17 24 15
32 12 25 11
14 31 12 24
30 21 23 18
32 12 25 11
23 27 20 21
29 22 23 18
32 12 25 11
13 31 12 24
13 31 12 24
10 31 10 24
24 27 20 21
24 27 20 21
31 17 24 15
28 23 23 18
31 17 24 15
13 31 12 24
30 20 23 18
39 12 32 12
37 24 30 21
37 24 30 21
10 38 10 31
29 33 25 27
29 33 25 27
31 32 25 27
37 23 30 21
30 32 25 27
27 34 25 27
39 13 32 12
36 26 30 21
37 23 30 21
37 23 30 21
36 25 30 21
30 32 25 27
36 25 30 21
38 18 31 17
28 34 25 27
36 25 30 21
30 33 25 27
39 12 32 12
31 32 25 27
39 13 32 12
39 13 32 12
37 23 30 21
37 23 30 21
36 25 30 21
27 34 25 27
36 25 30 21
37 24 30 21
37 24 30 21
34 39 30 33
42 30 36 26
46 14 39 13
30 41 28 34
44 25 37 24
10 45 10 38
42 31 36 26
42 30 36 26
44 27 37 24
47 12 39 12
34 39 30 33
46 13 39 13
46 13 39 13
46 14 39 13
46 12 39 12
44 25 37 24
35 39 30 33
42 30 36 26
46 13 39 13
35 38 30 33
11 45 10 38
42 30 36 26
42 30 36 26
44 27 37 24
44 25 37 24
44 27 37 24
42 30 36 26
46 13 39 13
44 26 37 24
43 29 36 26
42 30 36 26
46 14 39 13
40 45 35 39
48 35 42 31
32 48 30 41
48 35 42 31
40 44 35 39
51 30 44 27
39 45 35 39
51 30 44 27
31 48 30 41
48 34 42 31
12 52 11 45
51 30 44 27
51 28 44 27
40 45 35 39
48 35 42 31
51 28 44 27
54 13 47 12
54 12 47 12
51 29 44 27
10 52 10 45
10 53 10 45
54 12 47 12
37 46 35 39
51 30 44 27
51 29 44 27
38 46 35 39
51 29 44 27
51 29 44 27
51 29 44 27
51 29 44 27
54 12 47 12
61 13 54 13
61 13 54 13
57 33 51 30
44 51 40 45
61 14 54 13
54 39 48 35
46 50 40 45
58 32 51 30
58 33 51 30
45 50 40 45
44 51 40 45
54 39 48 35
54 39 48 35
58 33 51 30
54 39 48 35
58 32 51 30
62 13 54 13
61 12 54 12
58 33 51 30
58 31 51 30
34 55 32 48
54 39 48 35
58 31 51 30
61 14 54 13
10 60 10 53
58 32 51 30
58 33 51 30
61 14 54 13
58 32 51 30
61 14 54 13
41 53 38 46
34 55 32 48
10 67 10 60
43 60 41 53
51 55 46 50
50 56 46 50
69 14 62 13
64 36 58 33
45 59 41 53
65 35 58 33
50 56 46 50
65 36 58 33
10 67 10 60
65 33 58 33
65 34 58 33
65 34 58 33
52 54 46 50
11 67 10 60
69 13 62 13
45 59 41 53
65 36 58 33
60 43 54 39
69 14 62 13
65 34 58 33
65 36 58 33
60 43 54 39
44 60 41 53
51 55 46 50
44 60 41 53
69 13 62 13
65 34 58 33
52 54 46 50
65 35 58 33
44 59 41 53
46 67 44 60
47 66 44 60
72 38 65 36
76 14 69 14
76 15 69 14
72 39 65 36
58 59 52 54
76 14 69 14
58 58 52 54
57 59 52 54
71 40 65 36
76 14 69 14
46 67 44 60
72 39 65 36
71 40 65 36
72 39 65 36
11 74 11 67
72 39 65 36
11 74 11 67
54 62 50 56
76 13 69 13
72 38 65 36
72 38 65 36
55 61 50 56
66 47 60 43
47 67 44 60
76 14 69 14
76 14 69 14
66 47 60 43
71 40 65 36
76 15 69 14
78 43 72 39
83 16 76 15
45 74 46 67
83 15 76 15
79 41 72 39
58 68 54 62
49 74 47 67
83 15 76 15
79 42 72 39
64 64 58 59
50 74 47 67
63 65 58 59
79 42 72 39
79 40 72 39
64 64 58 59
58 68 54 62
51 73 47 67
78 43 72 39
78 42 72 39
39 11 46 13
63 64 58 59
63 64 58 59
62 65 58 59
83 13 76 13
79 41 72 39
45 74 46 67
63 64 58 59
79 42 72 39
11 81 11 74
11 81 11 74
78 43 72 39
51 73 47 67
86 44 79 42
70 69 64 64
85 45 79 42
86 43 79 42
90 16 83 16
86 45 79 42
86 45 79 42
69 69 64 64
85 46 79 42
86 45 79 42
86 45 79 42
70 68 64 64
85 46 79 42
90 16 83 16
90 17 83 16
68 70 63 65
86 45 79 42
70 69 64 64
52 81 50 74
54 80 50 74
90 16 83 16
11 88 11 81
86 43 79 42
85 46 79 42
54 80 50 74
53 81 50 74
86 43 79 42
52 81 50 74
90 16 83 16
70 69 64 64
90 16 83 16
52 81 50 74
93 46 86 45
97 16 90 16
93 46 86 45
97 18 90 17
93 46 86 45
97 17 90 17
57 87 53 81
92 49 86 45
92 49 86 45
93 48 86 45
59 85 54 80
93 46 86 45
97 18 90 17
97 16 90 16
92 49 86 45
92 49 86 45
93 48 86 45
56 88 53 81
92 49 86 45
93 47 86 45
93 47 86 45
93 48 86 45
93 47 86 45
93 45 86 45
92 48 86 45
97 17 90 17
53 88 53 81
11 95 11 88
65 90 59 85
104 19 97 18
59 95 56 88
57 95 56 88
58 95 56 88
56 95 56 88
104 21 97 18
100 48 93 48
103 22 97 18
57 95 56 88
64 90 59 85
60 94 56 88
100 48 93 48
47 23 51 29
62 102 59 95
70 95 65 90
62 102 59 95
107 51 100 48
107 51 100 48
61 102 59 95
72 89 65 90
107 50 100 48
61 102 59 95
107 50 100 48
111 19 104 19
71 95 65 90
107 50 100 48
63 101 59 95
71 94 65 90
18 72 11 74
111 22 104 21
107 51 100 48
107 49 100 48
107 49 100 48
107 50 100 48
63 101 59 95
71 94 65 90
111 21 104 21
60 102 59 95
68 6 69 13
63 101 59 95
111 21 104 21
118 22 111 22
113 54 107 51
64 109 62 102
113 55 107 51
66 108 62 102
118 19 111 19
113 55 107 51
112 56 107 51
77 99 71 95
114 52 107 51
114 52 107 51
77 99 71 95
118 23 111 22
114 54 107 51
118 19 111 19
118 23 111 22
114 53 107 51
114 52 107 51
114 54 107 51
114 52 107 51
114 54 107 51
118 22 111 22
118 23 111 22
113 55 107 51
114 54 107 51
114 53 107 51
76 100 71 95
118 22 111 22
114 53 107 51
77 99 71 95
63 109 62 102
11 102 11 95
121 57 114 54
125 19 118 19
120 57 114 54
121 55 114 54
121 56 114 54
83 104 77 99
121 57 114 54
120 58 114 54
121 54 114 54
63 116 63 109
120 58 114 54
125 23 118 23
120 59 114 54
83 103 77 99
125 19 118 19
65 116 64 109
84 99 77 99
121 55 114 54
60 115 63 109
121 55 114 54
121 57 114 54
65 20 69 14
70 114 66 108
121 56 114 54
121 57 114 54
120 58 114 54
125 23 118 23
125 23 118 23
120 58 114 54
121 55 114 54
121 55 114 54
121 56 114 54
132 19 125 19
126 63 120 59
74 120 70 114
128 58 121 57
74 120 70 114
74 120 70 114
128 60 121 57
73 121 70 114
128 58 121 57
126 63 120 59
75 120 70 114
126 63 120 59
132 23 125 23
128 60 121 57
128 58 121 57
128 60 121 57
133 19 125 19
128 59 121 57
126 63 120 59
126 63 120 59
128 59 121 57
62 123 63 116
62 123 63 116
132 24 125 23
128 59 121 57
128 59 121 57
128 58 121 57
88 110 83 104
128 58 121 57
74 120 70 114
135 63 128 60
75 128 73 121
140 19 133 19
75 128 73 121
61 130 62 123
135 62 128 60
134 64 128 60
63 130 62 123
93 115 88 110
9 67 11 74
132 67 126 63
134 64 128 60
140 19 133 19
94 114 88 110
134 63 128 60
132 67 126 63
132 67 126 63
60 130 62 123
135 62 128 60
78 127 75 120
132 67 126 63
92 116 88 110
94 115 88 110
135 63 128 60
135 62 128 60
139 16 133 19
79 126 75 120
140 20 133 19
93 115 88 110
76 128 73 121
135 61 128 60
134 64 128 60
141 67 135 63
59 137 60 130
138 71 132 67
147 20 140 20
141 67 135 63
63 137 63 130
82 133 78 127
99 120 94 115
142 63 135 63
134 74 132 67
86 129 79 126
142 64 135 63
142 64 135 63
51 29 47 23
142 58 135 61
81 133 78 127
105 12 104 19
138 72 132 67
141 67 135 63
100 119 94 115
77 135 76 128
142 65 135 63
142 63 135 63
11 109 11 102
100 119 94 115
63 137 63 130
82 133 78 127
142 63 135 63
100 119 94 115
100 119 94 115
141 67 135 63
147 19 140 19
147 71 141 67
144 76 138 72
79 142 77 135
59 144 59 137
104 126 99 120
13 61 9 67
149 67 142 65
154 20 147 20
149 66 142 65
144 76 138 72
143 77 138 72
104 125 99 120
149 67 142 65
149 66 142 65
143 77 138 72
143 77 138 72
103 126 99 120
144 76 138 72
8 60 9 67
77 142 77 135
154 20 147 20
56 144 59 137
147 71 141 67
86 139 82 133
144 76 138 72
149 67 142 65
154 20 147 20
87 139 82 133
148 70 141 67
144 76 138 72
144 76 138 72
154 20 147 20
110 130 104 126
79 149 79 142
81 149 79 142
109 131 104 126
156 66 149 66
80 149 79 142
109 131 104 126
156 67 149 67
155 73 148 70
161 20 154 20
150 80 144 76
161 20 154 20
33 15 39 11
161 20 154 20
32 13 39 11
150 80 144 76
154 74 148 70
150 80 144 76
100 7 105 12
156 68 149 67
161 20 154 20
109 132 104 126
110 130 104 126
155 72 148 70
110 131 104 126
161 20 154 20
150 80 144 76
55 151 56 144
79 149 79 142
55 151 56 144
110 131 104 126
156 68 149 67
168 20 161 20
156 85 150 80
52 158 55 151
168 20 161 20
168 20 161 20
161 77 155 73
168 21 161 20
163 69 156 68
155 85 150 80
82 156 81 149
112 139 109 132
162 76 155 73
82 156 81 149
115 136 110 131
114 137 109 132
168 20 161 20
55 158 55 151
162 76 155 73
161 77 155 73
18 109 11 109
55 158 55 151
162 75 155 73
55 158 55 151
162 75 155 73
162 76 155 73
83 156 81 149
54 158 55 151
116 136 110 131
168 20 161 20
155 85 150 80
161 77 155 73
162 76 155 73
162 90 156 85
7 115 11 109
161 90 156 85
122 140 116 136
52 165 52 158
169 77 162 76
170 69 163 69
175 21 168 21
169 78 162 76
120 142 116 136
162 90 156 85
82 163 82 156
168 80 162 76
169 79 162 76
169 79 162 76
121 141 116 136
170 69 163 69
169 77 162 76
48 164 52 158
175 20 168 20
169 78 162 76
168 80 162 76
121 141 116 136
169 77 162 76
161 90 156 85
52 165 52 158
175 21 168 21
55 165 55 158
168 80 162 76
51 165 52 158
169 79 162 76
170 69 163 69
50 172 51 165
177 69 170 69
167 96 162 90
128 145 122 140
182 22 175 21
176 81 169 79
167 95 162 90
85 169 82 163
128 144 122 140
92 23 97 18
176 82 169 79
176 81 169 79
176 81 169 79
176 82 169 79
123 148 120 142
128 144 122 140
29 21 33 15
176 80 169 79
125 148 120 142
83 170 82 163
128 144 122 140
85 170 82 163
182 21 175 21
168 94 162 90
182 20 175 20
182 20 175 20
168 94 162 90
177 69 170 69
127 145 122 140
168 95 162 90
182 20 175 20
183 83 176 82
182 85 176 82
128 155 125 148
50 179 50 172
75 7 68 6
189 23 182 22
89 176 85 170
83 178 83 170
64 0 68 6
99 108 94 114
174 99 168 95
130 153 125 148
183 83 176 82
190 22 182 22
134 149 128 145
88 177 85 170
183 82 176 82
87 177 85 170
173 100 168 95
183 82 176 82
189 24 182 22
183 84 176 82
129 154 125 148
41 165 48 164
91 99 84 99
183 83 176 82
189 23 182 22
134 149 128 145
182 85 176 82
129 154 125 148
130 153 125 148
129 154 125 148
92 183 88 177
49 186 50 179
79 90 72 89
190 87 183 84
197 22 190 22
197 22 190 22
91 184 88 177
90 184 88 177
4 122 7 115
180 103 174 99
93 183 88 177
190 85 183 84
197 22 190 22
180 104 174 99
92 183 88 177
141 152 134 149
130 162 128 155
133 160 128 155
48 186 50 179
184 68 177 69
190 86 183 84
180 103 174 99
180 102 174 99
180 103 174 99
139 154 134 149
190 84 183 84
135 158 130 153
190 87 183 84
197 22 190 22
179 104 174 99
84 185 83 178
190 87 183 84
80 12 75 7
197 88 190 87
197 90 190 87
197 89 190 87
197 88 190 87
204 22 197 22
197 89 190 87
196 91 190 87
197 89 190 87
137 166 133 160
197 88 190 87
138 165 133 160
197 89 190 87
197 88 190 87
197 88 190 87
138 166 133 160
100 181 93 183
134 168 130 162
197 90 190 87
197 88 190 87
25 111 18 109
186 108 180 104
204 23 197 22
147 156 141 152
197 87 190 87
49 36 51 29
139 8 139 16
169 13 168 20
143 172 138 166
204 93 197 90
211 23 204 23
191 113 186 108
204 91 197 90
204 91 197 90
211 23 204 23
181 75 176 80
204 90 197 90
204 90 197 90
211 24 204 23
211 24 204 23
204 91 197 90
190 64 184 68
211 23 204 23
204 90 197 90
192 112 186 108
211 24 204 23
137 175 134 168
153 160 147 156
192 112 186 108
192 112 186 108
204 90 197 90
211 26 204 23
204 90 197 90
203 94 197 90
192 112 186 108
204 85 197 87
204 91 197 90
203 94 197 90
204 93 197 90
146 179 143 172
211 93 204 93
178 93 174 99
211 96 204 93
208 99 203 94
146 178 143 172
211 93 204 93
198 116 192 112
211 93 204 93
211 94 204 93
147 178 143 172
186 118 191 113
211 94 204 93
211 95 204 93
54 111 60 115
53 42 49 36
218 23 211 23
194 120 191 113
150 149 147 156
211 95 204 93
211 96 204 93
210 97 204 93
196 119 191 113
211 96 204 93
147 178 143 172
148 178 143 172
198 116 192 112
218 27 211 26
211 96 204 93
211 94 204 93
87 10 80 12
25 11 32 13
148 186 146 179
182 12 182 20
147 186 146 179
152 184 148 178
218 96 211 96
218 99 211 96
146 186 146 179
225 28 218 27
225 27 218 27
217 100 211 96
47 193 48 186
218 93 211 93
48 193 48 186
216 88 211 93
225 23 218 23
154 183 148 178
217 89 211 93
218 98 211 96
160 160 153 160
202 123 196 119
218 99 211 96
225 29 218 27
194 78 190 84
132 181 137 175
218 96 211 96
218 98 211 96
202 123 196 119
218 98 211 96
225 27 218 27
218 98 211 96
175 110 179 104
158 189 154 183
50 200 48 193
48 201 48 193
225 101 218 99
225 102 218 99
223 104 218 99
47 200 47 193
161 186 154 183
225 102 218 99
224 103 218 99
57 179 50 179
43 181 48 186
45 200 47 193
54 123 62 123
225 101 218 99
232 30 225 29
49 106 54 111
225 100 218 99
160 187 154 183
225 100 218 99
157 189 154 183
224 103 218 99
150 193 148 186
121 156 128 155
40 193 47 193
159 188 154 183
46 200 47 193
154 13 154 20
150 200 150 193
232 105 225 102
161 196 158 189
167 191 161 186
232 105 225 102
48 208 48 201
239 30 232 30
232 105 225 102
151 200 150 193
228 109 223 104
239 31 232 30
151 200 150 193
173 28 175 21
232 103 225 102
168 189 161 186
147 200 150 193
232 103 225 102
151 200 150 193
40 205 45 200
232 105 225 102
47 208 48 201
232 104 225 102
50 208 48 201
228 109 223 104
231 106 225 102
151 200 150 193
161 196 158 189
167 190 161 186
239 30 232 30
232 105 225 102
239 30 232 30
232 102 225 102
165 202 161 196
173 195 167 191
50 215 50 208
238 108 232 105
174 194 167 191
246 30 239 30
239 105 232 105
164 202 161 196
37 8 32 13
204 130 202 123
238 110 232 105
36 211 40 205
165 202 161 196
246 31 239 31
236 111 231 106
173 195 167 191
152 207 151 200
173 196 167 191
175 191 168 189
246 31 239 31
192 127 194 120
154 207 151 200
32 110 25 111
33 192 40 193
173 195 167 191
47 215 47 208
239 105 232 105
51 215 50 208
164 203 161 196
51 215 50 208
239 106 232 105
246 104 239 105
245 113 238 110
179 200 173 196
253 32 246 31
243 115 238 110
25 27 29 21
57 209 50 208
242 116 238 110
53 222 51 215
253 33 246 31
246 105 239 105
253 31 246 31
46 222 47 215
245 113 238 110
253 32 246 31
167 210 164 203
253 31 246 31
245 112 238 110
245 112 238 110
253 32 246 31
246 107 239 106
246 107 239 106
246 106 239 106
247 106 239 106
106 108 99 108
187 57 190 64
253 32 246 31
178 202 173 196
157 214 154 207
162 101 167 96
154 143 150 149
157 221 157 214
260 30 253 31
154 221 157 214
250 118 245 113
243 123 242 116
83 4 87 10
184 206 178 202
260 30 253 31
184 206 178 202
250 118 245 113
165 28 168 21
95 29 92 23
254 108 247 106
183 207 178 202
260 33 253 33
171 216 167 210
46 229 46 222
60 225 53 222
55 229 53 222
250 118 245 113
254 106 247 106
252 116 245 113
254 107 247 106
158 221 157 214
170 217 167 210
252 115 245 113
171 216 167 210
82 5 87 10
247 121 242 116
251 117 245 113
251 116 245 113
262 108 254 108
259 118 252 116
55 236 55 229
20 5 25 11
258 120 252 116
267 33 260 33
167 160 160 160
187 213 183 207
115 152 121 156
46 237 46 229
267 30 260 30
261 106 254 106
173 224 170 217
244 130 243 123
43 236 46 229
257 121 252 116
267 34 260 33
191 134 192 127
190 210 184 206
261 109 254 108
259 119 252 116
79 97 79 90
190 209 184 206
188 213 183 207
55 236 55 229
191 206 184 206
261 109 254 108
267 30 260 30
261 109 254 108
44 236 46 229
32 205 36 211
186 198 179 200
176 231 173 224
265 122 259 119
269 108 262 108
266 121 259 119
265 123 259 119
248 136 244 130
182 189 175 191
266 122 259 119
274 30 267 30
196 214 190 210
193 219 188 213
266 122 259 119
129 188 132 181
269 108 262 108
262 126 257 121
174 231 173 224
194 218 188 213
264 124 259 119
266 122 259 119
265 123 259 119
274 30 267 30
106 143 112 139
175 231 173 224
266 122 259 119
269 108 262 108
265 123 259 119
274 34 267 34
194 217 188 213
269 109 262 108
281 30 274 30
252 142 248 136
281 29 274 30
173 238 174 231
281 36 274 34
276 108 269 108
281 36 274 34
276 108 269 108
113 108 106 108
276 108 269 108
151 228 154 221
266 132 262 126
36 236 43 236
273 124 266 122
267 132 262 126
276 109 269 108
273 125 266 122
158 107 162 101
276 108 269 108
151 137 154 143
176 35 173 28
273 124 266 122
276 108 269 108
98 14 100 7
199 223 194 218
154 135 154 143
281 30 274 30
271 127 266 122
76 172 83 170
281 30 274 30
200 222 194 218
33 243 36 236
253 149 252 142
280 127 273 125
279 130 273 125
34 243 36 236
283 108 276 108
248 148 252 142
207 223 200 222
289 30 281 30
280 127 273 125
280 127 273 125
207 223 200 222
189 187 182 189
207 224 200 222
280 128 273 125
283 109 276 109
174 245 173 238
279 130 273 125
280 128 273 125
283 110 276 109
280 128 273 125
280 43 281 36
53 49 53 42
176 245 173 238
283 109 276 109
280 127 273 125
7 53 8 60
283 109 276 109
279 129 273 125
280 126 273 125
207 223 200 222
287 129 280 128
33 250 33 243
273 23 274 30
246 38 246 31
296 30 289 30
296 30 289 30
296 30 289 30
69 175 76 172
290 110 283 110
184 134 191 134
284 135 279 130
250 39 253 33
146 163 147 156
284 135 279 130
214 227 207 224
296 30 289 30
169 250 174 245
296 32 289 30
287 130 280 128
296 30 289 30
284 135 279 130
7 128 4 122
287 131 280 128
105 15 98 14
80 104 79 97
211 230 207 224
287 131 280 128
294 133 287 131
294 133 287 131
303 34 296 32
303 34 296 32
302 35 296 32
244 45 246 38
29 256 33 250
26 253 33 250
120 108 113 108
165 256 169 250
59 242 55 236
221 230 214 227
297 110 290 110
221 229 214 227
221 225 214 227
289 140 284 135
294 132 287 131
297 110 290 110
294 132 287 131
239 41 246 38
268 101 269 108
294 134 287 131
221 230 214 227
165 256 169 250
14 56 7 53
303 34 296 32
294 132 287 131
297 110 290 110
297 111 290 110
303 33 296 32
290 140 284 135
292 147 289 140
310 34 303 34
85 85 79 90
194 182 189 187
310 34 303 34
301 135 294 134
15 11 20 5
31 263 29 256
38 158 41 165
182 249 176 245
301 136 294 134
171 62 170 69
29 263 29 256
163 263 165 256
228 232 221 230
304 112 297 111
166 263 165 256
244 53 244 45
301 135 294 134
304 112 297 111
310 34 303 34
189 180 189 187
301 136 294 134
294 146 289 140
228 233 221 230
227 221 221 225
310 33 303 33
310 33 303 33
226 236 221 230
294 145 289 140
301 135 294 134
304 111 297 111
198 176 194 182
308 138 301 136
163 270 163 263
308 139 301 136
300 151 294 146
58 151 55 158
29 33 25 27
229 243 226 236
299 151 294 146
235 236 228 233
317 34 310 34
311 112 304 112
22 266 29 263
101 34 95 29
168 270 166 263
308 138 301 136
235 236 228 233
298 152 294 146
235 235 228 233
308 136 301 136
235 235 228 233
307 140 301 136
43 12 37 8
307 140 301 136
317 34 310 34
311 112 304 112
317 33 310 33
308 137 301 136
161 143 154 143
240 241 235 236
306 155 300 151
318 112 311 112
18 26 25 27
324 32 317 33
173 275 168 270
229 250 229 243
318 112 311 112
241 239 235 236
189 172 189 180
72 96 79 97
34 38 29 33
324 32 317 33
12 105 18 109
324 33 317 33
158 276 163 270
34 270 31 263
315 142 308 139
314 105 311 112
315 142 308 139
306 156 300 151
315 140 308 139
232 250 229 243
324 32 317 33
315 142 308 139
166 223 173 224
324 35 317 34
181 52 187 57
306 155 300 151
306 163 306 156
331 35 324 35
46 99 49 106
51 56 53 49
248 240 241 239
325 112 318 112
174 282 173 275
315 98 314 105
312 160 306 156
25 207 32 205
312 160 306 156
246 244 240 241
325 112 318 112
322 144 315 142
322 143 315 142
331 36 324 35
322 144 315 142
9 46 7 53
60 43 53 42
322 143 315 142
247 244 240 241
332 32 324 32
311 161 306 156
39 275 34 270
322 142 315 142
331 35 324 35
322 143 315 142
312 160 306 156
310 162 306 156
331 32 324 32
331 35 324 35
325 112 318 112
338 38 331 36
254 247 247 244
318 164 312 160
43 281 39 275
339 31 332 32
42 282 39 275
253 248 247 244
253 249 247 244
253 248 247 244
253 248 247 244
339 33 332 32
250 251 247 244
332 112 325 112
273 96 268 101
253 247 247 244
180 287 174 282
177 289 174 282
317 165 312 160
146 13 154 13
318 164 312 160
320 151 322 144
199 169 198 176
315 168 310 162
328 148 322 144
181 284 174 282
338 38 331 36
315 167 310 162
329 142 322 142
318 164 312 160
253 249 247 244
320 173 315 168
324 168 318 164
261 249 254 247
346 33 339 33
334 152 328 148
303 170 306 163
234 23 232 30
324 168 318 164
165 35 165 28
339 112 332 112
339 45 338 38
184 293 180 287
223 84 217 89
245 155 248 148
346 31 339 31
336 142 329 142
246 96 246 104
335 151 328 148
335 151 328 148
335 150 328 148
346 33 339 33
346 34 339 33
212 16 211 23
324 168 318 164
175 296 177 289
335 149 328 148
69 11 75 7
319 174 315 168
335 150 328 148
342 153 335 151
353 35 346 34
135 2 139 8
353 35 346 34
341 155 335 151
26 190 33 192
341 155 335 151
164 62 171 62
170 301 175 296
330 172 324 168
108 34 101 34
264 256 261 249
164 60 171 62
251 258 250 251
267 253 261 249
342 153 335 151
186 47 181 52
42 289 42 282
342 154 335 151
341 155 335 151
200 101 203 94
24 38 29 33
175 303 175 296
273 15 273 23
324 179 319 174
268 251 261 249
353 34 346 34
353 31 346 31
172 303 175 296
274 247 268 251
329 184 324 179
164 305 170 301
349 157 342 154
273 257 267 253
360 36 353 35
157 114 158 107
273 256 267 253
360 35 353 35
349 155 342 154
360 31 353 31
307 41 310 34
163 136 161 143
158 66 164 62
349 157 342 154
17 271 22 266
349 157 342 154
310 25 310 33
249 59 244 53
238 254 232 250
176 310 175 303
360 36 353 35
248 162 245 155
349 153 342 153
360 31 353 31
349 155 342 154
166 307 170 301
298 23 296 30
151 276 158 276
349 155 342 154
126 195 129 188
280 260 273 257
355 161 349 157
160 168 160 160
271 241 274 247
250 265 251 258
367 37 360 36
280 260 273 257
245 169 248 162
246 169 248 162
21 57 14 56
356 160 349 157
356 157 349 157
365 26 360 31
355 161 349 157
367 37 360 36
209 124 202 123
279 261 273 257
367 36 360 36
367 37 360 36
277 263 273 257
367 30 360 31
356 160 349 157
283 50 280 43
50 282 43 281
363 162 356 160
363 157 356 157
174 317 176 310
18 209 25 207
154 20 154 13
139 187 146 186
363 163 356 160
287 263 280 260
110 41 108 34
240 162 248 162
286 264 280 260
286 264 280 260
363 156 356 157
357 168 355 161
164 314 166 307
373 41 367 37
187 165 189 172
374 38 367 37
190 297 184 293
164 314 166 307
370 44 367 37
167 147 161 143
360 167 355 161
363 161 356 160
362 153 356 157
282 268 277 263
237 132 244 130
303 177 303 170
42 296 42 289
20 202 25 207
189 247 182 249
371 156 363 156
370 156 363 156
297 166 303 170
294 264 287 263
346 111 339 112
365 172 360 167
50 275 50 282
195 302 190 297
365 172 360 167
365 172 360 167
381 39 374 38
370 165 363 163
369 167 363 163
174 324 174 317
280 275 282 268
379 46 373 41
187 280 181 284
381 39 374 38
370 166 363 163
55 130 54 123
369 167 363 163
370 156 363 156
36 293 42 289
293 267 287 263
311 120 311 112
179 120 186 118
332 45 339 45
388 40 381 39
246 271 250 265
196 249 189 247
94 177 100 181
184 125 186 118
378 156 371 156
377 167 370 166
377 169 370 166
378 156 371 156
371 177 365 172
170 330 174 324
56 270 50 275
201 306 195 302
300 268 294 264
197 64 190 64
42 303 42 296
385 50 379 46
370 177 365 172
388 38 381 39
206 137 204 130
198 309 195 302
21 247 26 253
378 156 371 156
42 303 42 296
233 165 240 162
300 268 294 264
159 320 164 314
144 276 151 276
383 151 378 156
173 20 173 28
383 173 377 169
106 8 105 15
203 315 198 309
20 116 25 111
183 67 190 64
243 62 249 59
384 169 377 169
376 183 371 177
307 270 300 268
11 23 18 26
375 183 371 177
385 156 378 156
67 43 60 43
306 273 300 268
65 148 58 151
286 151 292 147
385 156 378 156
246 278 246 271
279 282 280 275
47 308 42 303
375 183 371 177
182 178 189 180
304 274 300 268
152 321 159 320
395 40 388 40
152 317 159 320
247 66 249 59
395 38 388 38
395 42 388 40
169 337 170 330
54 308 47 308
401 45 395 40
402 42 395 40
35 305 42 303
277 289 279 282
389 176 383 173
312 265 307 270
107 48 110 41
7 136 7 128
389 177 383 173
402 41 395 40
402 41 395 40
392 156 385 156
42 314 47 308
159 39 165 35
390 175 383 173
310 279 306 273
313 276 306 273
402 41 395 40
402 41 395 40
391 170 384 169
339 24 339 31
401 43 395 40
310 263 307 270
390 175 383 173
330 135 329 142
402 41 395 40
44 315 47 308
382 144 383 151
320 278 313 276
40 217 36 211
397 177 390 175
397 176 390 175
409 38 402 41
409 40 402 41
394 182 389 177
409 43 402 42
288 55 283 50
277 238 271 241
395 182 389 177
46 322 44 315
409 39 402 41
206 322 203 315
60 35 60 43
397 177 390 175
398 170 391 170
351 146 349 153
398 170 391 170
12 98 12 105
137 273 144 276
163 341 169 337
399 153 392 156
179 5 182 12
251 174 246 169
58 314 54 308
67 224 60 225
394 182 389 177
379 190 376 183
206 322 203 315
405 170 398 170
122 101 120 108
19 255 26 253
406 153 399 153
130 271 137 273
319 265 312 265
379 55 385 50
203 251 196 249
163 348 163 341
162 93 162 101
416 38 409 38
406 153 399 153
416 43 409 43
218 35 218 27
87 105 80 104
416 44 409 43
416 37 409 38
402 185 395 182
399 188 395 182
401 187 395 182
17 260 22 266
406 151 399 153
416 36 409 38
173 343 169 337
404 178 397 177
158 255 165 256
406 152 399 153
400 187 395 182
400 187 395 182
399 188 395 182
406 154 399 153
322 96 315 98
158 353 163 348
411 180 404 178
206 145 206 137
423 46 416 44
126 265 130 271
90 112 87 105
39 254 33 250
386 138 382 144
406 192 401 187
97 40 101 34
142 283 144 276
194 315 198 309
406 192 401 187
423 45 416 44
126 202 126 195
327 281 320 278
145 317 152 317
423 36 416 36
325 261 319 265
409 188 402 185
70 50 67 43
409 188 402 185
199 257 203 251
278 296 277 289
412 170 405 170
424 37 416 37
303 184 303 177
28 4 25 11
419 169 412 170
430 47 423 46
411 198 406 192
418 180 411 180
413 148 406 151
29 309 35 305
328 288 327 281
151 353 158 353
313 18 310 25
385 131 386 138
431 37 424 37
419 170 412 170
269 289 277 289
194 279 187 280
332 286 327 281
419 170 412 170
412 196 406 192
67 32 60 35
282 302 278 296
40 327 46 322
411 197 406 192
410 198 406 192
291 157 286 151
284 300 278 296
294 257 294 264
418 201 411 198
59 28 60 35
40 334 40 327
239 17 234 23
426 168 419 169
388 31 388 38
328 295 328 288
7 120 7 128
426 168 419 169
152 62 158 66
183 33 176 35
425 182 418 180
338 290 332 286
339 17 339 24
65 316 58 314
426 169 419 169
28 236 36 236
277 307 282 302
437 48 430 47
337 291 332 286
25 315 29 309
437 32 431 37
437 49 430 47
120 206 126 202
438 37 431 37
416 203 411 198
301 191 303 184
414 205 411 198
138 317 145 317
326 90 322 96
36 340 40 334
201 244 196 249
425 204 418 201
276 314 277 307
344 295 338 290
444 50 437 49
443 52 437 49
443 28 437 32
231 158 233 165
432 184 425 182
425 204 418 201
43 341 40 334
433 167 426 168
197 202 191 206
308 48 307 41
146 155 146 163
432 183 425 182
239 9 239 17
304 121 311 120
341 297 337 291
425 204 418 201
322 84 326 90
204 152 206 145
230 82 223 84
444 51 437 49
99 142 106 143
195 57 197 64
429 210 425 204
65 169 69 175
333 91 326 90
431 208 425 204
432 206 425 204
322 299 328 295
144 355 151 353
440 167 433 167
302 104 304 111
74 29 67 32
428 211 425 204
439 186 432 184
414 212 414 205
439 183 432 183
28 56 21 57
340 304 341 297
131 319 138 317
351 295 344 295
350 299 344 295
69 310 65 316
440 166 433 167
432 205 425 204
350 299 344 295
439 185 432 184
205 261 199 257
258 174 251 174
420 146 413 148
144 228 151 228
81 29 74 29
200 275 194 279
359 22 365 26
177 349 173 343
446 186 439 186
437 212 431 208
437 212 431 208
153 71 158 66
341 311 340 304
281 319 276 314
437 211 431 208
434 215 429 210
446 188 439 186
18 315 25 315
447 165 440 166
119 267 126 265
332 15 339 17
433 216 428 211
282 101 283 108
192 255 196 249
12 91 12 98
204 107 200 101
453 161 447 165
346 317 341 311
393 139 386 138
225 256 229 250
439 58 443 52
342 318 341 311
357 302 350 299
309 256 310 263
75 305 69 310
70 321 65 316
450 25 443 28
331 256 325 261
443 217 437 212
142 362 144 355
7 143 7 136
353 113 346 111
146 71 153 71
44 348 43 341
444 215 437 212
330 255 325 261
444 214 437 212
454 163 447 165
454 164 447 165
454 165 447 165
427 54 430 47
164 70 158 66
281 156 286 151
409 51 409 43
47 355 44 348
45 5 43 12
215 10 212 16
29 342 36 340
62 141 65 148
447 223 443 217
50 151 58 151
449 220 443 217
457 26 450 25
155 99 162 101
447 223 443 217
449 221 443 217
449 221 443 217
232 172 233 165
59 136 55 130
461 166 454 165
413 219 414 212
186 74 183 67
248 181 251 174
389 125 385 131
451 229 447 223
464 27 457 26
456 224 449 221
181 326 174 324
189 28 183 33
183 353 177 349
456 222 449 221
451 229 447 223
452 229 447 223
468 164 461 166
10 62 14 56
148 96 155 99
403 201 410 198
449 230 447 223
228 19 234 23
281 232 277 238
137 353 144 355
217 42 218 35
186 5 179 5
444 230 447 223
456 221 449 221
140 66 146 71
87 33 81 29
450 230 447 223
33 333 40 334
468 165 461 166
468 169 461 166
450 229 447 223
468 167 461 166
224 157 231 158
471 29 464 27
237 66 243 62
475 169 468 169
74 221 67 224
392 190 399 188
179 74 186 74
476 169 468 169
456 235 452 229
168 131 163 136
475 164 468 164
475 163 468 164
463 224 456 224
94 147 99 142
256 60 249 59
463 225 456 224
450 237 450 230
364 302 357 302
366 50 370 44
471 29 464 27
286 62 288 55
269 316 276 314
113 7 106 8
208 22 212 16
297 197 301 191
265 95 268 101
475 164 468 164
471 29 464 27
282 326 281 319
124 321 131 319
283 326 281 319
267 41 267 34
470 226 463 225
469 229 463 225
190 356 183 353
424 61 427 54
483 169 476 169
336 98 333 91
442 237 444 230
153 44 159 39
483 172 476 169
31 160 38 158
134 311 138 317
360 15 359 22
482 161 475 163
445 62 439 58
300 44 307 41
470 228 463 225
24 230 28 236
478 31 471 29
122 154 115 152
483 169 476 169
459 242 456 235
478 28 471 29
482 37 478 31
476 232 470 228
485 33 478 31
489 159 482 161
376 197 379 190
477 230 470 228
292 19 298 23
490 168 483 169
287 332 283 326
77 320 70 321
328 156 334 152
48 362 47 355
490 169 483 169
265 322 269 316
490 172 483 172
478 39 478 31
487 178 483 172
202 94 200 101
485 31 478 31
52 31 59 28
490 172 483 172
473 156 475 163
460 249 459 242
482 37 478 31
218 254 225 256
77 323 70 321
485 32 478 31
33 193 26 190
44 19 43 12
136 367 142 362
497 175 490 172
80 112 80 104
438 22 443 28
372 203 376 197
462 256 460 249
261 328 265 322
492 30 485 31
256 181 258 174
484 232 477 230
481 237 476 232
52 63 51 56
487 42 482 37
294 333 287 332
497 175 490 172
254 132 248 136
482 236 476 232
495 155 489 159
492 34 485 33
156 248 158 255
159 328 159 320
162 119 157 114
492 47 487 42
491 234 484 232
503 171 497 175
19 92 12 91
491 234 484 232
446 207 444 214
209 116 209 124
312 249 309 256
245 285 246 278
368 308 364 302
320 16 313 18
300 204 297 197
463 263 462 256
201 237 201 244
499 30 492 30
371 303 364 302
188 363 190 356
131 372 136 367
462 263 462 256
502 155 495 155
504 177 497 175
370 306 364 302
20 186 26 190
373 313 368 308
49 293 42 296
300 211 300 204
275 229 281 232
184 231 176 231
50 369 48 362
497 239 491 234
465 270 463 263
496 240 491 234
27 118 20 116
194 367 188 363
277 90 273 96
506 31 499 30
372 314 368 308
509 154 502 155
506 30 499 30
498 236 491 234
511 179 504 177
511 177 504 177
65 247 59 242
187 347 183 353
511 177 504 177
282 337 287 332
254 328 261 328
497 238 491 234
513 30 506 30
112 268 119 267
470 275 465 270
249 188 248 181
133 202 126 202
504 242 497 239
498 51 492 47
518 179 511 179
518 181 511 179
505 238 498 236
502 244 497 239
335 321 342 318
320 249 312 249
465 277 465 270
512 36 506 31
125 375 131 372
78 165 76 172
516 153 509 154
506 23 506 30
208 304 201 306
513 34 506 31
518 177 511 177
15 322 18 315
272 222 275 229
464 277 465 270
173 164 167 160
473 282 470 275
153 153 146 155
509 247 504 242
349 104 346 111
512 238 505 238
518 25 513 30
12 311 18 315
332 248 330 255
149 365 142 362
509 247 504 242
520 30 513 30
132 326 131 319
185 320 181 326
513 238 505 238
509 247 504 242
376 320 372 314
296 340 294 333
525 181 518 181
506 250 502 244
209 6 215 10
284 344 282 337
34 116 27 118
475 280 470 275
523 152 516 153
4 41 9 46
511 243 504 242
451 32 450 25
300 346 296 340
98 6 98 14
520 240 513 238
515 252 509 247
500 58 498 51
185 256 192 255
254 335 254 328
377 327 376 320
400 136 393 139
380 326 376 320
461 284 464 277
521 238 513 238
281 117 283 110
519 170 518 177
394 120 389 125
530 151 523 152
515 252 509 247
494 148 495 155
221 22 228 19
408 224 413 219
515 251 509 247
518 245 511 243
119 161 122 154
81 223 74 221
342 284 338 290
239 290 245 285
511 256 506 250
8 35 4 41
290 169 297 166
45 33 52 31
106 151 106 143
50 376 50 369
461 291 461 284
527 32 520 30
477 288 473 282
537 150 530 151
284 352 284 344
535 146 530 151
362 56 366 50
383 333 380 326
75 22 74 29
288 233 281 232
382 124 389 125
454 285 461 284
385 331 380 326
458 291 461 284
182 113 179 120
174 49 181 52
378 334 377 327
127 382 125 375
515 262 511 256
148 39 153 44
527 30 520 30
527 31 520 30
140 58 140 66
234 285 239 290
478 295 477 288
206 168 199 169
195 23 189 28
522 265 515 262
327 102 322 96
28 349 29 342
528 238 521 238
514 269 515 262
39 98 46 99
272 324 265 322
59 20 59 28
120 7 113 7
544 148 537 150
544 149 537 150
521 265 515 262
544 148 537 150
310 11 313 18
207 297 208 304
57 376 50 376
12 205 18 209
533 35 527 32
534 29 527 30
529 266 522 265
187 220 194 217
471 149 473 156
551 148 544 148
551 151 544 149
479 302 478 295
16 242 21 247
388 196 392 190
528 269 522 265
501 18 506 23
321 9 320 16
425 68 424 61
540 38 533 35
529 267 522 265
483 300 478 295
437 232 442 237
58 171 65 169
516 276 514 269
535 238 528 238
56 249 59 242
24 355 28 349
541 29 534 29
402 220 408 224
52 103 46 99
533 181 525 181
49 338 43 341
330 8 332 15
175 181 182 178
118 375 125 375
542 238 535 238
395 222 402 220
201 370 194 367
479 309 479 302
338 244 332 248
548 29 541 29
200 371 194 367
542 238 535 238
40 25 44 19
531 275 528 269
534 273 528 269
554 158 551 151
559 151 551 151
370 334 378 334
558 145 551 148
495 21 501 18
377 341 378 334
542 238 535 238
151 105 155 99
478 309 479 302
558 154 551 151
73 115 80 112
558 151 551 151
301 330 294 333
391 24 388 31
478 309 479 302
515 43 512 36
558 148 551 148
507 56 500 58
240 100 246 96
288 96 282 101
401 119 394 120
534 139 535 146
541 274 534 273
140 180 139 187
555 30 548 29
538 279 534 273
81 230 81 223
558 138 558 145
358 43 360 36
362 64 362 56
123 213 120 206
502 65 500 58
549 238 542 238
21 362 24 355
287 359 284 352
64 377 57 376
195 376 200 371
313 242 312 249
541 273 534 273
115 201 120 206
406 58 409 51
478 317 478 309
400 125 394 120
554 33 548 29
92 86 85 85
239 96 246 96
380 348 377 341
51 124 55 130
48 383 50 376
548 275 541 274
451 18 450 25
20 369 21 362
207 277 200 275
9 327 15 322
307 194 301 191
548 276 541 274
346 278 342 284
383 346 377 341
139 305 134 311
8 9 15 11
562 30 555 30
363 313 368 308
556 235 549 238
566 153 559 151
436 65 439 58
455 297 458 291
209 97 202 94
274 83 277 90
556 238 549 238
536 286 538 279
393 229 395 222
561 35 554 33
67 217 67 224
383 345 377 341
217 156 224 157
384 202 388 196
99 84 92 86
185 186 189 180
288 366 287 359
553 281 548 276
573 155 566 153
572 157 566 153
17 179 20 186
573 153 566 153
54 70 52 63
496 70 502 65
10 272 17 271
56 293 49 293
563 238 556 238
260 338 254 335
98 82 92 86
54 141 59 136
555 277 548 276
241 297 239 290
566 160 566 153
569 30 562 30
427 143 420 146
390 349 383 346
556 288 553 281
271 30 273 23
455 264 462 263
341 163 341 155
166 215 166 223
353 139 351 146
390 347 383 346
412 230 408 224
17 193 20 186
512 186 511 179
515 50 515 43
199 361 194 367
152 119 157 114
539 185 533 181
52 77 54 70
488 19 495 21
26 214 25 207
194 209 197 202
127 188 126 195
484 321 478 317
110 206 115 201
485 317 478 317
580 155 573 155
580 156 573 155
537 192 539 185
387 233 393 229
430 150 427 143
563 291 556 288
559 294 556 288
200 382 195 376
240 174 245 169
390 356 390 349
327 321 335 321
126 148 122 154
261 54 256 60
565 137 558 138
89 223 81 223
563 288 556 288
58 81 52 77
570 237 563 238
10 84 12 91
580 155 573 155
449 302 455 297
472 320 478 317
563 23 562 30
538 22 541 29
378 355 380 348
205 356 199 361
580 156 573 155
573 24 569 30
580 157 573 155
280 16 273 15
587 155 580 155
373 59 379 55
84 237 81 230
507 70 502 65
569 295 563 291
581 24 573 24
267 338 260 338
353 131 353 139
567 167 566 160
570 293 563 291
336 183 329 184
577 238 570 237
570 294 563 291
587 157 580 156
33 45 34 38
24 273 22 266
53 176 58 171
577 239 570 237
295 184 303 184
337 261 331 256
132 388 127 382
577 239 570 237
16 80 10 84
580 26 573 24
336 237 338 244
594 159 587 157
588 24 581 24
390 363 390 356
278 355 284 352
265 174 258 174
66 370 64 377
455 12 451 18
29 63 28 56
584 236 577 238
194 346 187 347
586 30 580 26
575 299 570 294
141 41 148 39
577 297 570 294
334 161 341 163
568 302 569 295
371 358 378 355
594 152 587 155
252 234 248 240
35 151 38 158
593 161 587 157
230 291 234 285
593 152 587 155
132 396 132 388
142 235 144 228
335 119 332 112
110 275 112 268
231 41 239 41
216 83 223 84
595 26 588 24
431 137 427 143
224 30 218 35
447 156 453 161
498 142 494 148
356 52 362 56
200 28 195 23
253 155 245 155
600 164 593 161
15 34 8 35
378 300 371 303
416 28 416 36
571 133 565 137
591 236 584 236
590 36 586 30
55 342 49 338
156 343 163 341
426 136 427 143
313 130 308 136
595 24 588 24
284 173 290 169
596 170 600 164
596 241 591 236
591 229 591 236
133 66 140 66
249 297 241 297
125 181 127 188
364 358 371 358
133 178 140 180
101 176 94 177
402 112 401 119
275 215 272 222
537 132 534 139
79 242 84 237
569 309 568 302
191 128 184 125
274 361 278 355
449 290 454 285
284 372 288 366
398 206 403 201
268 216 272 222
537 132 534 139
36 236 28 236
584 299 577 297
496 135 498 142
76 158 78 165
464 234 469 229
82 171 78 165
591 301 584 299
68 176 65 169
277 208 275 215
466 245 460 249
15 375 20 369
60 276 56 270
603 243 596 241
207 385 200 382
152 127 152 119
260 187 256 181
247 334 254 335
569 316 569 309
603 243 596 241
194 5 186 5
66 4 69 11
392 329 385 331
195 388 200 382
511 76 507 70
607 163 600 164
606 168 600 164
22 343 29 342
288 316 281 319
577 147 573 153
602 27 595 26
273 275 280 275
170 139 163 136
407 134 400 136
46 390 48 383
243 191 249 188
320 323 327 321
389 17 391 24
538 175 533 181
489 71 496 70
5 105 12 105
597 305 591 301
605 20 602 27
315 299 322 299
293 206 300 204
50 301 47 308
181 365 188 363
141 150 146 155
413 237 412 230
614 163 607 163
521 145 523 152
491 130 496 135
598 300 591 301
592 176 596 170
465 320 472 320
116 279 110 275
287 89 288 96
621 160 614 163
601 311 597 305
114 381 118 375
58 322 58 314
485 225 484 232
612 21 605 20
352 21 359 22
295 367 288 366
216 125 209 124
28 125 27 118
251 125 254 132
596 312 597 305
188 388 195 388
380 235 387 233
107 172 101 176
233 126 237 132
345 242 338 244
588 166 593 161
71 211 67 217
62 344 55 342
310 304 315 299
562 317 569 316
339 87 333 91
231 32 224 30
592 43 590 36
191 231 184 231
577 129 571 133
617 156 614 163
588 49 592 43
448 261 455 264
237 195 243 191
278 376 284 372
619 22 612 21
260 154 253 155
610 245 603 243
442 287 449 290
47 214 40 217
204 34 200 28
619 24 612 21
134 38 141 41
570 323 569 316
24 177 17 179
510 231 512 238
530 129 537 132
608 311 601 311
25 27 18 26
204 230 201 237
285 180 284 173
608 311 601 311
306 239 313 242
149 250 156 248
490 325 484 321
608 311 601 311
53 5 45 5
615 240 610 245
490 332 490 325
483 75 489 71
617 247 610 245
68 162 65 169
385 186 379 190
432 71 436 65
628 157 621 160
616 311 608 311
67 275 60 276
51 168 58 171
622 31 619 24
260 40 267 41
256 48 261 54
625 27 619 24
489 296 483 300
502 131 496 135
39 0 45 5
204 222 204 230
580 165 580 157
59 152 65 148
112 28 108 34
12 130 7 136
42 366 48 362
569 330 570 323
397 349 390 349
493 332 490 325
525 124 530 129
492 314 485 317
396 14 389 17
378 65 373 59
181 387 188 388
566 336 569 330
509 131 502 131
404 350 397 349
562 16 563 23
623 308 616 311
181 81 179 74
2 6 8 9
127 95 122 101
281 81 274 83
429 78 432 71
469 142 471 149
620 317 616 311
489 339 490 332
191 136 191 128
91 44 97 40
271 8 273 15
500 335 493 332
468 21 464 27
496 339 493 332
38 210 40 217
576 315 569 316
203 41 204 34
117 322 124 321
347 307 341 311
487 346 489 339
211 317 206 322
542 198 537 192
3 15 8 9
98 13 98 6
266 183 260 187
157 139 163 136
167 208 166 215
621 237 615 240
509 123 509 131
202 125 209 124
273 37 267 41
290 195 297 197
233 5 239 9
250 43 256 48
624 246 617 247
163 126 168 131
271 378 278 376
518 75 511 76
207 269 207 277
246 14 239 17
35 186 33 193
270 331 272 324
494 291 489 296
559 339 566 336
635 156 628 157
566 343 566 336
632 29 625 27
231 49 231 41
631 246 624 246
123 108 122 101
108 386 114 381
488 353 487 346
530 290 536 286
635 155 628 157
631 246 624 246
361 365 364 358
244 341 247 334
278 177 284 173
447 254 448 261
634 152 628 157
20 279 24 273
577 247 577 239
507 48 507 56
493 284 494 291
635 157 628 157
446 254 448 261
3 323 9 327
120 189 127 188
121 220 123 213
218 316 211 317
526 281 531 275
635 36 632 29
512 282 516 276
365 10 360 15
466 176 468 169
411 350 404 350
106 86 99 84
240 332 247 334
530 191 537 192
113 369 118 375
352 242 345 242
421 210 428 211
554 344 559 339
283 194 290 195
20 224 24 230
356 370 361 365
178 87 181 81
613 170 614 163
597 224 591 229
163 110 157 114
34 354 28 349
135 299 139 305
239 270 246 271
537 15 538 22
401 105 402 112
416 345 411 350
570 349 566 343
122 274 119 267
45 257 39 254
87 149 94 147
161 242 156 248
393 238 387 233
434 83 429 78
253 13 246 14
315 83 322 84
148 269 151 276
523 50 515 50
307 348 300 346
465 136 469 142
578 122 577 129
441 280 442 287
571 349 566 343
469 183 466 176
225 249 225 256
110 320 117 322
56 41 60 35
150 146 153 153
90 93 92 86
487 148 494 148
58 99 52 103
637 243 631 246
17 171 17 179
549 197 542 198
294 29 298 23
33 38 33 45
223 92 223 84
640 42 635 36
626 321 620 317
175 133 168 131
421 340 416 345
80 249 79 242
143 51 140 58
636 251 631 246
641 149 634 152
115 48 107 48
437 176 439 183
621 150 617 156
286 379 284 372
552 296 559 294
638 49 640 42
300 354 300 346
301 218 300 211
617 36 622 31
483 14 488 19
647 42 640 42
326 129 330 135
115 55 115 48
563 173 567 167
388 370 390 363
349 370 356 370
371 365 371 358
130 259 126 265
433 16 438 22
79 256 80 249
648 151 641 149
394 369 390 363
399 32 395 38
434 278 441 280
630 256 636 251
604 13 605 20
215 385 207 385
521 19 518 25
614 177 613 170
631 326 626 321
529 118 525 124
114 220 121 220
492 359 488 353
436 132 431 137
79 36 81 29
377 293 378 300
483 358 488 353
655 148 648 151
264 380 271 378
353 279 346 278
499 296 494 291
441 261 448 261
548 286 553 281
276 3 271 8
113 212 110 206
529 54 523 50
633 318 626 321
402 228 408 224
233 56 231 49
92 119 90 112
288 114 281 117
644 241 637 243
632 325 626 321
530 53 523 50
82 305 75 305
393 211 398 206
615 184 614 177
382 20 389 17
659 154 655 148
333 230 336 237
495 366 492 359
103 273 110 275
343 30 339 24
635 332 631 326
13 214 18 209
116 109 123 108
635 332 631 326
288 225 288 233
344 364 349 370
40 247 39 254
478 363 483 358
316 29 310 25
266 361 274 361
574 356 571 349
404 65 406 58
181 247 189 247
376 72 378 65
464 298 461 291
244 349 244 341
133 74 133 66
591 246 596 241
142 161 146 155
574 364 574 356
493 373 495 366
157 336 156 343
536 58 530 53
1 111 5 105
280 74 281 81
131 108 123 108
299 240 306 239
582 116 578 122
642 334 635 332
271 370 271 378
417 243 413 237
372 372 371 365
112 160 119 161
339 254 337 261
25 333 33 333
131 362 136 367
585 121 578 122
222 385 215 385
133 292 135 299
389 148 383 151
636 56 638 49
46 80 52 77
558 332 559 339
140 396 132 396
307 210 300 211
46 397 46 390
192 263 192 255
591 145 593 152
246 356 244 349
512 193 512 186
401 370 394 369
652 37 647 42
638 56 638 49
160 175 160 168
495 380 493 373
485 134 491 130
368 72 376 72
495 77 496 70
257 378 264 380
17 163 17 171
143 193 139 187
428 282 434 278
28 326 25 333
41 382 48 383
53 351 47 355
165 154 167 147
24 158 31 160
501 384 495 380
92 18 98 13
458 135 465 136
275 21 280 16
401 97 401 105
222 129 216 125
425 196 425 204
619 190 615 184
388 377 388 370
427 344 421 340
475 270 470 275
69 344 62 344
283 213 277 208
384 294 377 293
10 2 8 9
649 332 642 334
53 183 53 176
510 169 503 171
462 144 469 142
122 46 115 48
137 227 144 228
252 342 254 335
253 356 246 356
600 293 598 300
527 158 523 152
343 183 336 183
178 240 181 247
287 75 280 74
474 269 470 275
104 392 108 386
132 403 132 396
483 330 490 332
161 360 158 353
471 365 478 363
454 172 454 165
273 385 271 378
380 78 376 72
125 12 120 7
27 92 19 92
351 288 351 295
384 383 388 377
527 16 521 19
651 240 644 241
49 221 47 214
501 391 501 384
654 337 649 332
320 156 328 156
295 112 288 114
608 186 615 184
408 371 401 370
368 79 368 72
330 114 335 119
636 236 637 243
659 34 652 37
385 226 387 233
399 243 393 238
557 351 554 344
291 302 284 300
372 235 380 235
400 71 404 65
502 364 495 366
636 63 636 56
614 254 617 247
360 278 353 279
661 338 654 337
97 394 104 392
440 202 446 207
225 172 232 172
263 368 266 361
494 391 501 391
509 224 510 231
247 152 253 155
294 72 287 75
614 42 617 36
658 240 651 240
15 342 22 343
148 16 154 20
176 370 181 365
666 153 659 154
127 62 133 66
33 245 40 247
134 96 127 95
378 224 385 226
308 40 308 48
395 109 401 105
617 324 620 317
247 96 239 96
372 242 372 235
126 65 133 66
117 116 116 109
246 264 246 271
150 139 157 139
507 217 509 224
144 390 140 396
32 230 28 236
665 158 659 154
546 158 554 158
82 298 82 305
661 161 659 154
365 339 370 334
672 161 665 158
672 149 666 153
120 175 125 181
665 344 661 338
20 109 20 116
418 250 417 243
85 87 92 86
555 316 562 317
122 227 121 220
391 291 384 294
374 287 377 293
503 371 502 364
45 128 51 124
549 302 552 296
664 40 659 34
646 326 649 332
371 86 368 79
555 319 562 317
208 370 201 370
388 244 393 238
626 192 619 190
353 14 360 15
306 55 308 48
579 370 574 364
670 142 672 149
483 270 475 270
429 157 430 150
299 232 299 240
333 301 340 304
608 293 600 293
463 313 465 320
106 370 113 369
628 303 623 308
131 194 127 188
234 26 231 32
307 286 310 279
108 1 106 8
126 164 119 161
107 365 113 369
202 9 209 6
670 45 664 40
609 156 607 163
188 380 188 388
274 183 278 177
144 221 144 228
334 278 327 281
85 98 90 93
673 344 665 344
213 249 218 254
245 234 252 234
621 229 621 237
365 26 359 22
665 240 658 240
118 387 114 381
421 332 421 340
309 136 313 130
431 271 434 278
592 122 585 121
371 94 371 86
660 349 665 344
600 148 594 152
330 22 332 15
577 33 580 26
276 348 278 355
431 350 427 344
371 210 372 203
49 329 46 322
200 164 206 168
307 202 300 204
445 172 440 167
56 190 53 183
72 149 65 148
84 18 92 18
249 36 250 43
608 285 608 293
428 30 431 37
164 236 161 242
40 224 40 217
665 137 670 142
181 216 187 220
635 300 628 303
25 259 19 255
179 159 173 164
405 235 402 228
636 303 628 303
308 328 301 330
678 338 673 344
659 247 658 240
110 283 116 279
672 242 665 240
307 294 307 286
94 126 92 119
583 229 584 236
309 335 308 328
679 148 672 149
619 222 621 229
262 387 264 380
679 148 672 149
504 78 511 76
43 205 38 210
464 363 471 365
396 323 392 329
141 98 148 96
415 356 411 350
256 120 251 125
636 70 636 63
91 237 84 237
296 79 294 72
178 319 185 320
161 148 165 154
182 376 188 380
262 286 269 289
270 189 266 183
525 77 518 75
676 50 670 45
671 132 665 137
14 362 21 362
182 171 182 178
333 168 334 161
420 282 428 282
677 166 672 161
507 338 500 335
676 40 670 45
628 226 621 229
181 20 173 20
261 214 268 216
684 142 679 148
415 55 409 51
312 76 315 83
88 130 94 126
245 303 241 297
675 351 673 344
428 334 421 332
660 27 659 34
92 400 97 394
386 390 384 383
633 191 626 192
582 141 577 147
365 245 372 242
84 45 91 44
342 233 336 237
176 392 181 387
297 276 304 274
288 187 295 184
142 169 142 161
27 372 20 369
364 209 371 210
689 137 684 142
63 187 56 190
304 360 300 354
308 62 306 55
677 127 671 132
634 192 626 192
275 339 282 337
513 137 509 131
566 356 574 356
337 269 337 261
361 78 368 79
137 80 133 74
113 85 106 86
47 140 54 141
336 5 330 8
379 393 386 390
555 201 549 197
293 321 288 316
67 254 65 247
333 142 330 135
314 347 307 348
253 277 246 278
579 109 582 116
369 65 362 64
265 310 269 316
251 363 253 356
187 159 179 159
326 121 326 129
286 144 286 151
459 369 464 363
37 16 44 19
631 75 636 70
62 10 66 4
633 77 636 70
228 179 225 172
621 143 621 150
244 145 247 152
343 375 349 370
275 113 281 117
678 331 678 338
68 14 62 10
153 176 160 175
314 202 307 202
130 55 127 62
362 351 364 358
252 268 246 264
456 376 459 369
516 227 510 231
621 215 619 222
178 95 178 87
488 381 495 380
326 231 333 230
402 319 396 323
524 195 530 191
132 11 125 12
290 277 297 276
360 250 365 245
526 61 529 54
374 279 374 287
67 261 67 254
424 254 418 250
673 249 672 242
211 161 217 156
558 179 563 173
459 157 453 161
314 285 307 286
313 56 306 55
73 4 66 4
372 26 365 26
464 356 464 363
501 289 494 291
313 55 306 55
505 300 499 296
38 131 45 128
352 234 352 242
36 109 34 116
584 375 579 370
333 309 333 301
246 368 251 363
44 236 36 236
678 358 675 351
99 368 106 370
5 310 12 311
31 275 24 273
41 86 46 80
321 203 314 202
270 197 270 189
130 278 130 271
411 67 404 65
678 239 672 242
622 256 630 256
375 184 379 190
201 312 194 315
546 344 554 344
143 136 150 139
347 381 343 375
237 341 244 341
150 32 148 39
260 114 256 120
416 276 420 282
687 130 689 137
35 55 28 56
561 205 555 201
284 206 283 213
576 171 580 165
274 392 273 385
559 207 555 201
215 369 208 370
26 248 33 245
684 363 678 358
690 146 684 142
264 102 265 95
120 367 113 369
66
120 367
113 369
118 375
125 375
131 372
136 367
142 362
144 355
151 353
158 353
163 348
163 341
169 337
170 330
174 324
174 317
176 310
175 303
175 296
177 289
174 282
173 275
168 270
166 263
165 256
169 250
174 245
173 238
174 231
173 224
170 217
167 210
164 203
161 196
158 189
154 183
148 178
143 172
138 166
133 160
128 155
125 148
120 142
116 136
110 131
104 126
99 120
94 115
88 110
83 104
77 99
71 95
65 90
59 85
54 80
50 74
47 67
44 60
41 53
38 46
35 39
30 33
25 27
20 21
16 15
10 10
