2993
10 10 
17 13 10 10
13 17 10 10
14 16 10 10
14 16 10 10
17 10 10 10
17 11 10 10
16 15 10 10
15 15 10 10
15 15 10 10
14 16 10 10
17 12 10 10
16 15 10 10
16 14 10 10
16 14 10 10
12 17 10 10
17 11 10 10
10 17 10 10
11 17 10 10
15 15 10 10
15 15 10 10
17 11 10 10
17 10 10 10
17 10 10 10
17 11 10 10
17 11 10 10
17 11 10 10
11 17 10 10
17 10 10 10
17 13 10 10
12 17 10 10
16 14 10 10
15 16 10 10
22 18 17 13
10 24 10 17
24 16 17 13
23 17 17 13
24 14 17 13
24 15 17 13
24 14 17 13
23 18 17 13
23 17 17 13
24 14 17 13
25 11 17 11
24 14 17 13
19 21 15 15
23 17 17 13
13 24 12 17
23 17 17 13
23 17 17 13
24 14 17 13
24 14 17 13
24 15 17 13
24 16 17 13
23 17 17 13
10 24 10 17
24 14 17 13
24 15 17 13
19 21 15 15
24 10 17 10
24 14 17 13
24 14 17 13
13 24 12 17
24 15 17 13
24 14 17 13
31 19 24 16
31 19 24 16
32 12 25 11
29 22 23 18
32 11 25 11
32 12 25 11
29 22 23 18
14 31 13 24
32 12 25 11
31 18 24 16
23 27 19 21
22 27 19 21
29 22 23 18
31 17 24 16
14 31 13 24
22 27 19 21
15 31 13 24
30 21 23 18
31 18 24 16
32 11 25 11
31 18 24 16
28 23 23 18
31 18 24 16
32 11 25 11
10 31 10 24
27 24 23 18
28 24 23 18
27 24 23 18
31 18 24 16
14 31 13 24
14 31 13 24
31 18 24 16
38 20 31 19
38 20 31 19
38 22 31 19
38 22 31 19
34 28 28 24
32 30 28 24
34 28 28 24
38 21 31 19
34 28 28 24
39 13 32 12
38 22 31 19
38 21 31 19
39 12 32 12
33 29 28 24
39 13 32 12
34 29 28 24
39 12 32 12
34 29 28 24
38 21 31 19
38 21 31 19
33 30 28 24
36 25 30 21
32 30 28 24
37 24 30 21
33 29 28 24
18 38 15 31
26 34 23 27
34 28 28 24
10 38 10 31
34 29 28 24
18 38 15 31
38 22 31 19
45 23 38 22
46 13 39 13
43 28 37 24
45 22 38 22
18 45 18 38
18 45 18 38
45 25 38 22
40 33 34 29
38 36 33 30
47 12 39 12
45 22 38 22
45 25 38 22
40 33 34 29
46 13 39 13
45 24 38 22
40 33 34 29
45 25 38 22
37 36 33 30
46 12 39 12
40 33 34 29
46 13 39 13
20 45 18 38
40 33 34 29
40 33 34 29
37 36 33 30
46 13 39 13
45 23 38 22
38 35 33 30
45 23 38 22
43 27 37 24
40 33 34 29
46 14 39 13
43 42 38 36
22 52 20 45
52 27 45 25
17 52 18 45
52 27 45 25
52 27 45 25
54 12 47 12
52 28 45 25
52 28 45 25
54 12 47 12
52 27 45 25
41 43 38 36
52 27 45 25
44 40 38 36
52 26 45 25
52 27 45 25
21 52 20 45
51 29 45 25
52 28 45 25
53 23 45 23
43 42 38 36
54 12 47 12
23 52 20 45
52 28 45 25
52 26 45 25
46 37 40 33
20 52 20 45
52 26 45 25
18 52 18 45
46 37 40 33
43 41 38 36
42 42 38 36
61 12 54 12
61 12 54 12
60 23 53 23
59 29 52 28
60 23 53 23
49 46 43 42
27 58 23 52
59 30 52 28
59 31 52 28
20 59 20 52
59 31 52 28
58 31 52 28
49 46 43 42
25 59 23 52
60 24 53 23
58 32 52 28
60 24 53 23
61 12 54 12
59 31 52 28
49 46 43 42
59 30 52 28
59 31 52 28
59 30 52 28
49 47 43 42
61 12 54 12
48 47 43 42
47 48 43 42
47 48 43 42
58 32 52 28
60 24 53 23
59 30 52 28
25 59 23 52
53 53 49 47
54 52 49 47
50 55 47 48
53 53 49 47
66 32 59 31
66 33 59 31
66 32 59 31
66 33 59 31
28 66 25 59
50 55 47 48
66 34 59 31
55 51 49 47
66 32 59 31
66 32 59 31
66 34 59 31
56 49 49 47
20 66 20 59
27 66 25 59
54 52 49 47
68 12 61 12
67 24 60 24
66 32 59 31
25 66 25 59
65 34 59 31
68 12 61 12
66 34 59 31
25 66 25 59
66 32 59 31
55 51 49 47
55 51 49 47
52 54 49 47
52 54 49 47
61 55 55 51
59 57 54 52
73 37 66 34
73 36 66 34
75 12 68 12
73 35 66 34
73 36 66 34
73 34 66 34
61 55 55 51
75 12 68 12
31 73 28 66
20 73 20 66
61 55 55 51
73 37 66 34
73 36 66 34
30 73 28 66
53 62 50 55
74 24 67 24
56 60 52 54
75 12 68 12
61 55 55 51
57 60 52 54
61 55 55 51
28 73 28 66
61 55 55 51
55 61 52 54
73 37 66 34
75 12 68 12
73 37 66 34
60 56 55 51
75 12 68 12
62 66 57 60
80 37 73 37
63 65 57 60
81 24 74 24
62 65 57 60
82 12 75 12
82 12 75 12
63 64 57 60
80 38 73 37
63 65 57 60
61 66 57 60
20 80 20 73
62 65 57 60
61 66 57 60
39 10 46 12
20 80 20 73
62 66 57 60
61 66 57 60
60 67 57 60
56 69 53 62
34 80 31 73
36 78 31 73
33 80 31 73
59 76 56 69
69 70 63 65
69 70 63 65
88 24 81 24
65 73 62 66
66 72 62 66
37 87 34 80
89 12 82 12
87 38 80 38
69 70 63 65
88 24 81 24
20 87 20 80
87 38 80 38
67 71 62 66
38 86 34 80
69 69 63 65
89 12 82 12
37 87 34 80
68 70 63 65
94 38 87 38
68 80 65 73
40 94 37 87
94 38 87 38
62 83 59 76
96 12 89 12
38 94 37 87
95 24 88 24
96 12 89 12
96 12 89 12
42 101 40 94
101 38 94 38
45 23 52 26
65 90 62 83
43 101 40 94
102 24 95 24
42 101 40 94
38 101 38 94
72 86 68 80
101 38 94 38
42 101 40 94
109 24 102 24
46 108 43 101
46 108 43 101
46 108 43 101
13 72 20 73
108 38 101 38
109 24 102 24
109 24 102 24
44 108 43 101
68 4 68 12
45 108 43 101
51 114 46 108
51 114 46 108
43 115 44 108
115 38 108 38
116 24 109 24
115 38 108 38
47 115 46 108
116 24 109 24
116 24 109 24
116 24 109 24
116 24 109 24
123 24 116 24
121 42 115 38
123 24 116 24
122 41 115 38
122 41 115 38
48 122 47 115
122 41 115 38
122 39 115 38
43 122 43 115
122 39 115 38
122 39 115 38
121 43 115 38
55 120 51 114
122 40 115 38
121 41 115 38
47 122 47 115
121 42 115 38
122 38 115 38
122 40 115 38
122 39 115 38
57 118 51 114
122 41 115 38
122 39 115 38
121 43 115 38
123 24 116 24
123 24 116 24
122 41 115 38
121 42 115 38
127 48 121 43
60 125 55 120
129 42 122 41
129 44 122 41
43 129 43 122
43 129 43 122
59 126 55 120
130 24 123 24
130 24 123 24
127 47 121 43
127 47 121 43
126 48 121 43
60 126 55 120
59 126 55 120
129 44 122 41
128 46 121 43
129 43 122 41
129 43 122 41
60 112 57 118
127 47 121 43
63 123 57 118
129 42 122 41
59 126 55 120
129 41 122 41
129 43 122 41
129 44 122 41
63 123 57 118
129 42 122 41
130 24 123 24
129 44 122 41
129 42 122 41
133 52 127 48
136 46 129 44
133 52 127 48
69 127 63 123
69 127 63 123
63 133 60 126
133 52 127 48
61 133 60 126
136 47 129 44
136 20 130 24
133 53 127 48
137 24 130 24
65 131 60 126
63 133 60 126
137 24 130 24
63 133 60 126
69 128 63 123
15 61 20 66
133 52 127 48
133 52 127 48
69 127 63 123
134 51 127 48
136 45 129 44
136 46 129 44
134 51 127 48
42 136 43 129
64 132 60 126
65 131 60 126
136 44 129 44
133 52 127 48
42 136 43 129
133 52 127 48
137 59 133 53
143 49 136 47
139 57 133 53
64 140 63 133
139 57 133 53
42 143 42 136
134 60 133 53
139 57 133 53
143 47 136 47
138 58 133 53
143 48 136 47
139 57 133 53
143 48 136 47
138 58 133 53
43 143 42 136
143 48 136 47
143 48 136 47
143 48 136 47
144 24 137 24
35 136 42 136
102 7 96 12
139 58 133 53
65 140 63 133
50 28 45 23
67 139 63 133
144 24 137 24
150 50 143 49
145 62 139 58
150 50 143 49
145 62 139 58
71 145 67 139
43 150 43 143
150 51 143 49
145 62 139 58
145 62 139 58
151 24 144 24
151 24 144 24
146 61 139 58
145 62 139 58
145 63 139 58
72 144 67 139
10 56 15 61
68 147 65 140
72 144 67 139
40 150 42 143
144 63 139 58
151 24 144 24
17 54 15 61
145 62 139 58
150 51 143 49
144 63 139 58
150 52 143 49
144 63 139 58
145 62 139 58
67 147 65 140
151 24 144 24
150 68 145 63
158 24 151 24
151 68 145 63
157 52 150 52
158 24 151 24
69 154 68 147
157 54 150 52
157 52 150 52
151 67 145 63
151 67 145 63
69 154 68 147
157 54 150 52
70 154 68 147
69 154 68 147
33 14 39 10
157 54 150 52
150 69 145 63
158 24 151 24
151 67 145 63
39 157 40 150
40 157 40 150
153 64 146 61
96 2 102 7
158 24 151 24
33 14 39 10
157 53 150 52
150 68 145 63
151 67 145 63
157 71 151 68
71 161 70 154
39 164 39 157
156 73 151 68
70 161 70 154
164 56 157 54
160 67 153 64
164 52 157 52
165 24 158 24
160 67 153 64
158 71 151 68
73 161 70 154
37 164 39 157
76 158 70 154
76 159 70 154
165 24 158 24
40 164 40 157
74 160 70 154
157 72 151 68
32 105 38 101
165 24 158 24
41 164 40 157
165 24 158 24
157 72 151 68
155 74 150 69
72 161 70 154
154 75 150 69
165 24 158 24
155 74 150 69
157 72 151 68
158 71 151 68
164 55 157 54
171 56 164 56
81 164 76 159
172 24 165 24
167 70 160 67
165 74 158 71
82 163 76 159
159 81 154 75
172 24 165 24
159 80 154 75
37 171 37 164
34 171 37 164
73 168 73 161
167 70 160 67
167 70 160 67
163 76 158 71
171 58 164 56
167 69 160 67
171 58 164 56
41 171 41 164
172 24 165 24
163 76 158 71
42 171 41 164
164 75 158 71
164 75 158 71
36 171 37 164
164 75 158 71
82 163 76 159
171 56 164 56
171 57 164 56
28 134 35 136
163 76 158 71
171 57 164 56
87 168 82 163
163 87 159 81
179 24 172 24
163 87 159 81
178 56 171 56
165 86 159 81
179 24 172 24
85 170 81 164
34 178 34 171
29 20 33 14
163 87 159 81
179 24 172 24
164 87 159 81
164 86 159 81
178 58 171 58
178 60 171 58
74 175 73 168
84 171 81 164
65 107 60 112
86 170 81 164
163 87 159 81
179 24 172 24
89 162 82 163
178 60 171 58
178 58 171 58
186 25 179 24
185 61 178 60
186 24 179 24
82 9 89 12
185 60 178 60
90 176 86 170
74 182 74 175
185 61 178 60
185 61 178 60
169 92 164 87
92 174 86 170
185 56 178 56
185 62 178 60
91 175 86 170
87 178 84 171
185 62 178 60
169 92 164 87
91 176 86 170
92 175 86 170
27 178 34 178
86 178 84 171
185 61 178 60
167 94 164 87
34 185 34 178
92 174 86 170
93 173 86 170
96 182 91 176
98 179 92 175
193 25 186 25
193 25 186 25
193 25 186 25
89 185 87 178
95 182 91 176
34 192 34 185
96 182 91 176
95 182 91 176
98 179 92 175
192 63 185 62
33 192 34 185
192 63 185 62
170 101 167 94
21 133 28 134
99 178 92 175
193 23 186 24
76 189 74 182
90 185 87 178
105 182 99 178
76 196 76 189
172 17 172 24
49 35 50 28
50 171 42 171
140 14 136 20
200 25 193 25
199 63 192 63
78 196 76 189
101 187 96 182
77 196 76 189
36 114 43 115
75 8 82 9
102 187 96 182
199 63 192 63
105 182 99 178
206 63 199 63
207 25 200 25
108 192 102 187
206 63 199 63
206 63 199 63
207 25 200 25
206 63 199 63
206 63 199 63
80 203 78 196
206 63 199 63
106 193 102 187
111 186 105 182
207 25 200 25
214 25 207 25
213 63 206 63
53 41 49 35
113 197 108 192
114 197 108 192
112 198 108 192
167 108 170 101
85 16 82 9
23 16 29 20
113 197 108 192
213 63 206 63
115 195 108 192
118 203 114 197
219 67 213 63
32 199 33 192
79 210 80 203
220 63 213 63
220 66 213 63
80 210 80 203
220 63 213 63
220 63 213 63
220 66 213 63
220 64 213 63
220 65 213 63
220 66 213 63
220 63 213 63
220 64 213 63
121 200 114 197
220 64 213 63
170 115 167 108
219 68 213 63
181 17 179 24
115 205 112 198
219 66 213 63
121 191 115 195
220 66 213 63
220 65 213 63
220 65 213 63
221 25 214 25
120 202 114 197
113 205 112 198
125 207 120 202
227 68 220 66
73 214 79 210
77 217 79 210
128 203 121 200
77 217 79 210
128 201 121 200
224 73 219 68
39 102 32 105
127 205 120 202
227 68 220 66
125 208 120 202
80 217 80 210
32 206 32 199
225 71 219 68
225 73 219 68
42 185 34 185
119 211 115 205
25 107 32 105
227 69 220 66
227 69 220 66
219 75 219 68
227 66 220 66
67 176 74 175
32 206 32 199
69 4 75 8
109 176 105 182
25 198 32 199
225 72 219 68
147 12 140 14
120 218 119 211
28 212 32 206
129 214 125 208
231 77 225 73
123 217 119 211
231 77 225 73
234 70 227 69
231 76 225 73
128 215 125 208
230 79 225 73
129 214 125 208
172 32 172 24
234 72 227 69
130 213 125 208
234 65 227 66
229 79 225 73
234 71 227 69
234 69 227 69
128 214 125 208
75 224 77 217
234 69 227 69
232 76 225 73
80 224 80 217
76 224 77 217
231 77 225 73
122 218 119 211
231 77 225 73
135 205 128 203
135 205 128 203
231 77 225 73
133 209 127 205
234 66 227 66
24 191 25 198
236 83 230 79
73 231 75 224
75 232 75 224
132 221 128 215
241 73 234 72
135 218 130 213
37 8 33 14
74 231 75 224
142 208 135 205
234 85 230 79
133 220 128 215
75 231 75 224
135 218 130 213
131 222 128 215
140 212 133 209
142 206 135 205
241 69 234 69
241 65 234 65
235 85 230 79
139 213 133 209
140 212 133 209
235 84 230 79
25 219 28 212
241 73 234 72
132 221 128 215
241 74 234 72
241 65 234 65
248 74 241 74
248 74 241 74
248 77 241 74
180 49 178 56
146 215 140 212
241 89 235 85
25 26 29 20
66 212 73 214
241 89 235 85
248 65 241 65
247 78 241 74
248 77 241 74
248 74 241 74
248 76 241 74
240 90 235 85
136 228 131 222
160 108 167 108
241 88 235 85
248 65 241 65
72 239 75 232
135 228 131 222
160 109 167 108
248 75 241 74
238 92 235 85
76 239 75 232
248 74 241 74
146 216 140 212
248 74 241 74
248 65 241 65
248 75 241 74
255 62 248 65
83 240 76 239
255 79 248 77
243 97 238 92
246 94 241 89
247 93 241 89
152 220 146 216
153 218 146 216
255 79 248 77
89 22 85 16
243 97 238 92
255 77 248 77
247 93 241 89
243 97 238 92
167 122 170 115
142 232 136 228
71 246 72 239
77 246 76 239
255 62 248 65
239 99 238 92
243 97 238 92
82 1 82 9
152 220 146 216
255 65 248 65
247 93 241 89
85 2 82 9
248 102 243 97
248 103 243 97
69 253 71 246
262 60 255 62
158 223 152 220
21 9 23 16
253 98 247 93
261 57 255 62
262 79 255 79
158 225 152 220
262 60 255 62
160 218 153 218
262 61 255 62
262 81 255 79
64 249 71 246
111 169 109 176
70 253 71 246
262 81 255 79
146 238 142 232
254 96 247 93
66 251 71 246
170 128 167 122
148 236 142 232
262 82 255 79
69 253 71 246
262 79 255 79
262 81 255 79
240 106 239 99
72 105 65 107
253 108 248 103
150 244 146 238
233 109 240 106
269 60 262 60
259 102 253 98
269 85 262 82
251 110 248 103
149 245 146 238
165 228 158 225
163 230 158 225
259 102 253 98
259 101 253 98
259 103 253 98
269 59 262 60
165 212 160 218
260 101 253 98
268 86 262 82
164 229 158 225
258 103 253 98
259 102 253 98
165 228 158 225
269 84 262 82
269 60 262 60
269 82 262 82
166 214 160 218
150 244 146 238
269 84 262 82
269 83 262 82
259 103 253 98
266 106 259 103
164 133 170 128
276 58 269 59
160 123 167 122
276 88 269 85
276 85 269 85
276 86 269 85
276 59 269 59
254 117 251 110
145 251 149 245
255 116 251 110
275 55 269 59
276 58 269 59
256 116 251 110
276 86 269 85
153 108 160 108
153 105 160 108
276 56 269 59
149 252 149 245
21 225 25 219
276 87 269 85
276 82 269 82
97 12 102 7
171 232 165 228
276 85 269 85
276 86 269 85
264 108 259 103
276 86 269 85
172 231 165 228
44 192 42 185
283 56 276 56
271 111 266 106
272 109 266 106
283 88 276 88
170 207 165 212
282 92 276 88
260 122 256 116
251 124 254 117
151 259 149 252
283 90 276 88
8 49 10 56
272 111 266 106
272 110 266 106
284 59 276 59
283 88 276 88
154 257 149 252
20 232 21 225
283 91 276 88
283 91 276 88
283 90 276 88
179 233 172 231
283 90 276 88
59 254 64 249
179 231 172 231
283 89 276 88
254 124 254 117
283 91 276 88
179 231 172 231
272 109 266 106
53 48 53 41
283 88 276 88
291 58 284 59
291 59 284 59
290 93 283 91
57 261 59 254
291 58 284 59
242 58 241 65
291 59 284 59
265 127 260 122
186 235 179 233
290 92 283 91
104 14 97 12
184 238 179 233
289 94 283 91
277 116 272 111
14 132 21 133
147 265 151 259
277 116 272 111
290 94 283 91
275 48 275 55
291 59 284 59
60 208 66 212
290 94 283 91
291 59 284 59
256 51 261 57
160 139 164 133
297 96 290 94
14 53 8 49
297 95 290 94
298 60 291 59
50 264 57 261
17 239 20 232
146 105 153 105
270 132 265 127
193 236 186 235
268 99 266 106
297 97 290 94
270 133 265 127
297 95 290 94
297 96 290 94
297 96 290 94
298 59 291 59
298 59 291 59
297 95 290 94
298 59 291 59
297 97 290 94
297 94 290 94
241 51 242 58
297 92 290 92
265 134 265 127
282 121 277 116
297 95 290 94
283 121 277 116
35 151 39 157
47 271 50 264
175 202 170 207
47 271 50 264
275 139 270 133
200 233 193 236
146 272 147 265
198 241 193 236
276 137 270 133
247 47 241 51
288 126 283 121
149 272 147 265
193 243 193 236
165 144 160 139
200 237 193 236
275 138 270 133
15 16 23 16
28 32 25 26
207 240 200 237
295 129 288 126
207 238 200 237
15 246 17 239
105 21 104 14
67 154 70 161
152 279 149 272
295 128 288 126
293 131 288 126
149 279 149 272
126 186 121 191
202 247 198 241
294 130 288 126
207 240 200 237
295 129 288 126
293 131 288 126
278 146 275 139
294 130 288 126
43 12 37 8
105 201 112 198
280 145 275 139
214 243 207 240
49 278 47 271
18 105 25 107
19 252 15 246
42 38 49 35
15 24 15 16
204 254 202 247
283 151 278 146
178 195 175 202
65 100 65 107
298 136 293 131
204 254 202 247
206 253 202 247
145 285 149 279
112 162 111 169
10 42 8 49
60 43 53 41
288 156 283 151
287 157 283 151
15 221 21 225
157 285 152 279
39 95 39 102
288 156 283 151
221 246 214 243
51 55 53 48
286 158 283 151
288 156 283 151
53 284 49 278
228 249 221 246
228 247 221 246
294 159 288 156
204 261 204 254
228 249 221 246
164 285 157 285
52 284 49 278
291 163 286 158
161 291 157 285
295 159 288 156
147 20 147 12
293 161 288 156
51 285 49 278
228 249 221 246
294 161 288 156
294 160 288 156
228 249 221 246
294 160 288 156
167 295 161 291
66 11 69 4
299 167 294 161
228 25 221 25
301 164 294 161
162 298 161 291
302 160 295 159
302 161 295 159
302 162 295 159
291 170 291 163
300 166 294 161
166 37 172 32
302 161 295 159
41 275 47 271
261 140 265 134
300 165 294 161
214 18 214 25
300 165 294 161
302 161 295 159
302 161 295 159
24 38 28 32
186 45 180 49
305 171 300 166
50 292 51 285
309 164 302 162
309 165 302 162
309 164 302 162
158 304 162 298
306 170 300 166
160 305 162 298
162 305 162 298
304 173 299 167
164 56 171 56
137 7 140 14
53 178 50 171
17 188 24 191
160 66 167 69
309 163 302 162
275 41 275 48
110 26 105 21
309 164 302 162
309 165 302 162
254 142 261 140
19 259 19 252
280 36 275 41
156 77 163 76
316 168 309 165
157 115 160 109
307 180 304 173
316 168 309 165
59 111 65 107
316 166 309 165
165 312 162 305
281 36 275 41
316 163 309 163
304 180 304 173
316 166 309 165
289 146 283 151
316 162 309 163
309 178 304 173
169 303 162 305
154 310 158 304
316 167 309 165
316 162 309 163
316 165 309 165
285 174 291 170
315 182 309 178
314 183 309 178
323 169 316 168
164 151 165 144
323 171 316 168
234 243 228 247
311 186 307 180
323 170 316 168
323 160 316 162
20 57 14 53
201 226 200 233
323 161 316 162
323 168 316 168
311 186 307 180
314 183 309 178
252 149 254 142
252 149 254 142
322 172 316 168
312 186 307 180
323 160 316 162
311 186 307 180
227 113 233 109
310 187 307 180
235 246 228 247
318 190 312 186
330 173 323 171
330 157 323 160
164 319 165 312
330 159 323 160
8 219 15 221
330 174 323 171
317 191 312 186
111 33 110 26
249 156 252 149
176 305 169 303
318 191 312 186
163 319 165 312
227 120 227 113
305 192 310 187
60 285 53 284
316 192 312 186
316 192 312 186
153 317 154 310
154 21 147 20
329 156 323 160
330 172 323 171
330 160 323 160
240 248 234 243
330 172 323 171
133 186 126 186
245 243 240 248
337 176 330 174
54 270 47 271
182 309 176 305
324 195 318 191
336 152 330 157
322 197 318 191
337 156 330 157
337 176 330 174
63 148 67 154
50 299 50 292
24 206 28 212
324 195 318 191
337 157 330 157
337 156 330 157
75 16 75 8
337 177 330 174
336 178 330 174
43 295 50 292
275 31 280 36
222 108 227 113
323 196 318 191
334 151 329 156
324 195 318 191
164 326 164 319
337 157 330 157
171 284 164 285
337 157 330 157
344 179 337 177
343 149 336 152
63 265 57 261
189 312 182 309
50 306 50 299
343 181 337 177
161 333 164 326
343 150 336 152
326 203 322 197
344 176 337 176
344 157 337 157
49 306 50 299
243 159 249 156
326 203 322 197
187 314 182 309
82 251 77 246
344 177 337 177
11 235 17 239
344 156 337 156
330 200 324 195
224 127 227 120
152 324 153 317
336 205 330 200
351 156 344 156
146 319 153 317
67 43 60 43
279 159 286 158
15 125 14 132
351 179 344 179
330 209 326 203
173 24 172 17
336 204 330 200
145 317 153 317
350 146 343 149
351 156 344 156
350 146 343 149
70 145 63 148
251 247 245 243
196 313 189 312
108 8 104 14
54 312 50 306
197 312 189 312
178 188 178 195
351 179 344 179
335 205 330 200
349 185 343 181
350 146 343 149
194 317 189 312
349 185 343 181
161 340 161 333
330 216 330 209
356 142 350 146
357 145 350 146
334 144 334 151
358 156 351 156
356 188 349 185
358 180 351 179
288 33 281 36
357 144 350 146
61 312 54 312
356 142 350 146
72 48 67 43
357 145 350 146
50 318 54 312
49 317 54 312
158 52 164 56
11 139 14 132
328 216 330 209
358 181 351 179
357 145 350 146
37 299 43 295
330 216 330 209
358 180 351 179
356 188 349 185
341 210 336 205
354 140 350 146
164 30 166 37
357 146 350 146
204 315 197 312
364 143 357 144
280 179 285 174
65 318 61 312
364 144 357 144
321 217 328 216
365 179 358 180
365 180 358 180
87 219 80 217
358 134 354 140
359 135 354 140
364 143 357 144
179 10 181 17
363 190 356 188
50 325 50 318
358 134 354 140
207 322 204 315
64 18 66 11
156 345 161 340
365 182 358 181
35 214 28 212
365 182 358 181
365 182 358 181
16 98 18 105
207 322 204 315
167 344 161 340
372 182 365 182
370 191 363 190
369 194 363 190
369 193 363 190
368 195 363 190
371 145 364 144
372 179 365 179
159 252 154 257
371 143 364 143
368 195 363 190
369 194 363 190
372 178 365 179
371 143 364 143
363 129 358 134
160 83 156 77
371 140 364 143
371 142 364 143
220 32 221 25
157 352 156 345
370 139 364 143
371 143 364 143
139 103 146 105
11 259 19 259
371 142 364 143
322 224 321 217
378 139 371 140
377 136 371 140
278 24 275 31
105 37 111 33
379 182 372 182
378 139 371 140
211 328 207 322
377 193 370 191
197 259 204 261
379 183 372 182
218 131 224 127
378 137 371 140
328 229 322 224
376 196 369 194
45 258 50 264
207 329 207 322
152 357 157 352
371 202 368 195
378 137 371 140
375 198 369 194
375 198 369 194
214 323 207 322
302 199 305 192
145 357 152 357
330 236 328 229
379 129 377 136
68 36 67 43
216 334 211 328
31 4 37 8
381 203 375 198
385 139 378 139
386 183 379 183
385 136 378 137
31 304 37 299
209 336 207 329
100 31 105 37
386 181 379 182
385 136 378 137
381 202 375 198
385 134 378 137
44 329 50 325
381 202 375 198
203 268 204 261
293 28 288 33
382 201 375 198
386 183 379 183
317 229 322 224
389 204 382 201
44 336 44 329
233 20 228 25
392 133 385 134
72 318 65 318
392 139 385 139
151 52 158 52
179 32 172 32
190 51 186 45
393 134 385 134
392 132 385 134
61 25 64 18
392 132 385 134
393 184 386 183
385 209 381 203
72 319 65 318
7 125 15 125
393 181 386 181
27 234 20 232
94 219 87 219
387 207 381 203
298 205 302 199
37 329 44 329
383 123 379 129
24 16 21 9
400 185 393 184
236 13 233 20
46 343 44 336
396 207 389 204
400 133 393 134
158 154 164 151
400 134 393 134
396 206 389 204
40 342 44 336
400 185 393 184
400 133 393 134
194 57 190 51
396 126 392 132
236 157 243 159
396 206 389 204
185 195 178 195
400 134 393 134
403 208 396 207
66 169 67 176
407 132 400 133
77 23 75 16
403 210 396 207
403 208 396 207
402 123 396 126
401 212 396 207
138 357 145 357
407 185 400 185
407 131 400 133
403 206 396 206
399 214 396 207
208 224 201 226
398 214 396 207
329 243 330 236
407 134 400 134
407 185 400 185
27 56 20 57
407 186 400 185
67 286 60 285
398 214 396 207
401 212 396 207
197 220 201 226
209 343 209 336
408 215 403 210
410 211 403 210
26 259 19 259
149 78 156 77
86 257 82 251
207 274 203 268
407 118 402 123
410 213 403 210
409 215 403 210
409 214 403 210
414 135 407 134
415 131 407 131
82 28 77 23
171 192 178 195
409 214 403 210
273 177 280 179
25 308 31 304
330 250 329 243
211 263 204 261
414 186 407 186
282 100 282 92
193 253 197 259
15 91 16 98
33 311 31 304
323 252 330 250
75 311 72 318
76 325 72 319
415 219 409 215
417 214 410 213
331 257 330 250
412 222 409 215
46 350 46 343
417 216 410 213
417 215 410 213
142 77 149 78
422 131 415 131
14 182 17 188
35 56 27 56
171 320 164 319
422 130 415 131
413 114 407 118
422 131 415 131
410 111 407 118
409 111 407 118
422 131 415 131
365 122 363 129
411 112 407 118
137 364 138 357
421 186 414 186
422 129 415 131
235 164 236 157
417 227 412 222
274 164 279 159
424 218 417 216
419 110 413 114
49 357 46 350
429 126 422 129
215 11 214 18
152 98 153 105
424 219 417 216
65 236 72 239
267 181 273 177
165 71 160 66
62 141 63 148
428 186 421 186
417 227 412 222
56 151 63 148
424 219 417 216
420 111 413 114
45 5 43 12
424 216 417 216
33 343 40 342
412 229 412 222
424 219 417 216
396 119 396 126
409 103 409 111
199 329 207 329
421 233 417 227
218 39 220 32
423 231 417 227
431 220 424 219
422 232 417 227
422 232 417 227
433 181 428 186
11 60 14 53
428 225 424 219
207 19 214 18
209 350 209 343
294 211 298 205
132 353 138 357
33 335 37 329
186 9 179 10
435 186 428 186
431 219 424 219
144 53 151 52
86 34 82 28
430 224 424 219
431 221 424 219
146 94 152 98
186 321 187 314
422 232 417 227
435 186 428 186
438 222 431 221
229 157 236 157
423 240 421 233
405 97 409 103
80 219 87 219
442 186 435 186
426 238 421 233
421 240 421 233
438 221 431 221
263 92 268 86
442 185 435 186
39 322 37 329
442 186 435 186
443 186 435 186
390 191 393 184
115 7 108 8
450 186 443 186
420 207 417 214
119 160 112 162
450 186 443 186
432 242 426 238
426 107 420 111
268 39 275 41
204 355 209 350
408 90 405 97
450 184 443 186
268 47 275 48
16 175 14 182
359 118 365 122
440 229 438 222
445 223 438 222
216 353 209 350
444 226 438 222
215 354 209 350
152 45 151 52
450 187 443 186
445 225 438 222
331 264 331 257
457 183 450 184
431 102 426 107
48 34 42 38
452 227 445 225
24 190 17 188
44 19 43 12
433 105 426 107
451 229 445 225
433 106 426 107
433 105 426 107
49 365 49 357
84 325 76 325
457 184 450 184
243 41 247 47
430 101 426 107
457 188 450 187
457 181 450 184
372 209 371 202
457 184 450 184
453 178 450 184
435 249 432 242
457 184 450 184
433 104 426 107
258 247 251 247
291 21 293 28
259 181 267 181
197 63 194 57
255 131 254 124
282 43 281 36
413 142 414 135
438 256 435 249
330 271 331 264
457 233 451 229
52 62 51 55
409 83 408 90
464 189 457 188
457 233 451 229
377 172 372 178
414 178 414 186
132 369 137 364
459 229 452 227
464 188 457 188
463 177 457 181
445 216 445 223
183 202 185 195
231 170 235 164
330 279 330 271
317 247 323 252
471 189 464 189
155 364 152 357
470 175 463 177
440 263 438 256
466 231 459 229
453 194 457 188
192 194 185 195
435 263 438 256
466 231 459 229
298 20 291 21
301 213 294 211
441 263 438 256
470 176 463 177
438 263 438 256
318 257 323 252
7 179 14 182
446 209 445 216
436 263 438 256
422 178 414 178
127 374 132 369
330 278 330 271
434 270 435 263
471 236 466 231
478 189 471 189
248 165 243 159
472 235 466 231
444 270 441 263
4 141 11 139
158 263 154 257
301 221 301 213
260 240 258 247
51 372 49 365
478 189 471 189
195 335 199 329
473 233 466 231
478 189 471 189
433 270 435 263
477 174 470 175
22 123 15 125
391 146 392 139
477 173 470 175
473 234 466 231
311 251 317 247
448 276 444 270
484 173 477 173
480 236 473 234
479 239 473 234
254 187 259 181
480 237 473 234
210 311 204 315
482 168 477 173
25 335 33 335
267 188 267 181
450 274 444 270
164 257 159 252
199 195 192 194
482 168 477 173
480 234 473 234
218 237 214 243
90 263 86 257
444 277 444 270
483 169 477 173
329 286 330 279
42 366 49 365
485 189 478 189
121 378 127 374
73 167 66 169
484 172 477 173
133 193 133 186
210 6 215 11
485 243 479 239
442 284 444 277
86 212 87 219
452 282 448 276
471 196 471 189
176 279 171 284
168 157 164 151
456 278 450 274
490 167 483 169
4 39 10 42
305 22 298 20
180 325 186 321
17 308 25 308
28 119 22 123
326 293 329 286
492 189 485 189
150 154 158 154
485 243 479 239
414 78 409 83
484 244 479 239
487 237 480 237
155 372 155 364
485 244 479 239
487 238 480 237
357 111 359 118
487 234 480 234
491 248 485 244
98 225 94 219
494 240 487 238
497 168 490 167
497 165 490 167
331 298 326 293
442 291 442 284
491 248 485 244
420 74 414 78
406 233 412 229
491 248 485 244
326 300 326 293
468 203 471 196
216 307 210 311
9 34 4 39
492 246 485 244
444 291 442 284
495 238 487 238
221 22 228 25
187 257 193 253
450 295 444 291
319 302 326 300
298 227 301 221
51 380 51 372
435 291 442 291
441 298 442 291
444 299 444 291
164 113 157 115
169 51 164 56
504 163 497 165
245 235 245 243
152 37 152 45
503 161 497 165
503 161 497 165
357 104 357 111
70 26 77 23
447 298 444 291
85 332 84 325
504 162 497 165
439 297 442 291
43 29 48 34
125 384 121 378
503 161 497 165
511 160 504 162
207 281 207 274
247 64 242 58
507 155 503 161
350 104 357 104
502 238 495 238
314 307 319 302
58 372 51 372
312 304 319 302
312 305 319 302
451 304 447 298
81 207 86 212
311 17 305 22
32 98 39 95
8 211 8 219
507 155 503 161
122 6 115 7
141 70 142 77
511 159 504 162
511 160 504 162
511 160 504 162
224 169 231 170
200 21 207 19
35 365 42 366
508 242 502 238
426 70 420 74
317 13 311 17
518 158 511 159
518 160 511 160
509 241 502 238
402 221 399 214
189 220 197 220
517 164 511 160
51 337 44 336
287 135 293 131
318 14 311 17
457 308 451 304
457 308 451 304
58 104 59 111
59 170 66 169
430 94 430 101
56 247 59 254
114 376 121 378
509 240 502 238
439 236 440 229
509 238 502 238
517 155 511 159
35 367 42 366
517 155 511 159
525 158 518 158
432 66 426 70
432 66 426 70
525 157 518 158
458 315 457 308
524 166 517 164
433 69 426 70
516 238 509 238
463 312 457 308
524 166 517 164
516 238 509 238
433 69 426 70
65 115 59 111
524 153 517 155
314 314 314 307
424 63 426 70
458 315 457 308
522 150 517 155
516 241 509 241
515 245 509 241
317 314 314 307
395 222 402 221
215 361 215 354
460 315 457 308
525 158 518 158
231 107 227 113
493 174 497 168
417 61 424 63
463 322 460 315
528 145 522 150
524 241 516 241
82 243 82 251
527 145 522 150
522 247 515 245
139 181 133 186
521 143 522 150
528 146 522 150
525 143 522 150
324 19 318 14
421 200 420 207
65 374 58 372
131 200 133 193
132 100 139 103
312 234 317 229
522 247 515 245
112 198 105 201
30 372 35 367
313 321 314 314
358 97 357 104
201 361 204 355
462 274 456 278
233 100 231 107
454 321 458 315
53 115 59 111
535 147 528 146
447 310 451 304
66 212 60 208
452 319 458 315
531 238 524 241
534 141 528 145
531 241 524 241
529 250 522 247
277 84 283 88
462 329 463 322
26 378 30 372
320 324 313 321
9 12 15 16
534 142 528 145
208 217 208 224
48 387 51 380
529 249 522 247
401 238 406 233
214 280 207 281
18 335 25 335
310 197 305 192
538 241 531 241
426 56 424 63
469 332 462 329
499 178 493 174
540 137 534 141
542 150 535 147
536 252 529 250
53 69 52 62
8 266 11 259
462 336 462 329
57 136 62 141
222 157 229 157
134 70 141 70
127 95 132 100
63 292 67 286
318 331 320 324
254 169 248 165
427 136 422 131
12 169 16 175
542 147 535 147
542 150 535 147
539 238 531 238
462 336 462 329
534 256 529 250
542 149 535 147
197 202 199 195
476 333 469 332
105 208 105 201
476 330 469 332
549 150 542 150
492 159 497 165
456 339 462 336
413 240 421 240
17 196 17 188
505 182 499 178
455 339 462 336
537 263 534 256
267 31 275 31
529 171 524 166
52 76 53 69
433 53 426 56
25 213 24 206
196 356 201 361
151 119 157 115
28 348 33 343
173 226 179 231
25 367 30 372
541 130 540 137
327 323 320 324
12 84 15 91
556 151 549 150
440 312 447 310
448 339 455 339
359 90 358 97
450 344 455 339
531 231 531 238
394 239 401 238
429 143 427 136
543 267 537 263
555 146 549 150
87 227 87 219
544 264 537 263
57 81 52 76
546 237 539 238
145 149 150 154
556 151 549 150
470 339 469 332
542 130 540 137
214 368 215 361
556 151 549 150
243 171 248 165
324 335 318 331
121 91 127 95
263 52 256 51
541 269 537 263
556 152 549 150
211 210 208 217
306 323 313 321
33 49 35 56
25 266 26 259
551 264 544 264
549 272 543 267
553 238 546 237
563 151 556 151
67 325 65 318
362 83 359 90
559 158 556 151
91 251 86 257
18 80 12 84
549 271 543 267
563 152 556 151
351 132 358 134
131 387 125 384
47 182 53 178
538 123 541 130
279 17 278 24
546 124 542 130
289 180 285 174
550 270 543 267
553 237 546 237
562 143 555 146
569 141 562 143
21 29 28 32
327 342 324 335
569 141 562 143
253 235 245 235
267 173 273 177
67 367 65 374
555 276 549 272
29 63 27 56
132 394 131 387
568 139 562 143
554 277 549 272
141 46 144 53
309 258 311 251
560 236 553 237
194 349 196 356
31 145 35 151
570 154 563 152
570 154 563 152
568 138 562 143
444 348 450 344
303 330 306 323
56 342 51 337
424 49 426 56
194 25 200 21
426 172 422 178
573 133 568 138
514 140 521 143
361 76 362 83
573 133 568 138
567 236 560 236
170 337 167 344
571 131 568 138
93 270 90 263
225 40 218 39
574 134 568 138
152 249 159 252
267 237 260 240
422 141 427 136
298 104 297 97
577 157 570 154
556 284 554 277
221 371 214 368
126 178 126 186
543 117 546 124
34 235 27 234
287 211 294 211
509 135 514 140
127 67 134 70
80 236 82 243
333 346 327 342
573 240 567 236
107 167 112 162
342 200 336 204
300 337 303 330
267 230 267 237
576 157 570 154
133 177 139 181
572 231 567 236
400 102 405 97
562 279 555 276
545 117 546 124
79 171 73 167
152 126 151 119
569 282 562 279
199 368 201 361
538 111 543 117
165 136 165 144
64 279 60 285
18 342 18 335
267 195 267 188
340 345 333 346
68 176 66 169
283 205 287 211
467 242 471 236
580 242 573 240
224 378 221 371
67 4 66 11
433 314 440 312
584 157 577 157
584 160 577 157
580 242 573 240
193 7 186 9
301 318 306 323
576 143 569 141
575 125 571 131
476 323 476 330
557 291 556 284
19 381 26 378
45 394 48 387
247 190 254 187
419 44 424 49
536 172 529 171
417 47 424 49
138 150 145 149
419 247 421 240
309 297 312 304
512 180 505 182
575 286 569 282
577 118 575 125
366 70 361 76
502 132 509 135
576 283 569 282
162 371 155 372
464 249 467 242
284 87 277 84
9 100 16 98
230 32 228 25
487 227 487 234
588 242 580 242
580 291 575 286
26 129 22 123
252 124 255 131
577 293 575 286
165 378 162 371
584 117 577 118
73 207 81 207
581 112 577 118
195 230 201 226
553 297 557 291
584 115 577 118
330 353 333 346
112 383 114 376
70 360 67 367
306 309 312 305
387 239 394 239
111 173 107 167
331 19 324 19
509 230 509 238
531 124 538 123
145 252 152 249
231 380 224 378
586 295 580 291
258 154 252 149
595 243 588 242
101 202 105 208
311 241 312 234
200 29 194 25
366 63 366 70
118 33 111 33
577 300 577 293
430 277 433 270
217 207 211 210
27 25 21 29
587 293 580 291
578 105 581 112
42 214 35 214
587 292 580 291
53 5 45 5
23 175 16 175
13 132 15 125
576 307 577 300
94 211 94 219
260 39 268 39
594 294 587 293
86 271 93 270
52 169 59 170
602 245 595 243
68 162 73 167
584 102 578 105
479 316 476 323
39 0 45 5
257 48 263 52
601 239 595 243
510 128 509 135
437 350 444 348
475 344 470 339
524 121 531 124
424 89 430 94
402 81 409 83
170 384 165 378
516 132 510 128
282 79 277 84
430 350 437 350
599 299 594 294
601 293 594 294
3 7 9 12
132 90 127 95
415 38 419 44
582 95 584 102
477 351 475 344
578 314 576 307
275 11 279 17
130 150 138 150
120 198 112 198
36 207 35 214
370 170 377 172
574 314 576 307
202 36 200 29
91 325 84 325
40 182 47 182
167 129 165 136
553 230 553 237
71 112 65 115
244 13 236 13
609 244 602 245
181 50 186 45
537 104 538 111
295 197 302 199
232 7 236 13
250 43 243 41
480 358 477 351
293 336 300 337
238 380 231 380
99 24 100 31
158 139 165 136
170 199 171 192
608 238 601 239
510 121 510 128
3 16 9 12
106 388 112 383
447 258 441 263
616 244 609 244
534 98 537 104
546 297 553 297
18 369 25 367
616 244 609 244
332 360 330 353
130 107 132 100
445 255 438 256
409 193 407 186
229 46 225 40
579 249 580 242
569 319 574 314
573 321 574 314
22 273 25 266
12 313 17 308
21 219 25 213
333 367 332 360
89 338 85 332
380 239 387 239
599 232 601 239
105 228 98 225
584 88 582 95
167 85 160 83
338 17 331 19
584 88 582 95
534 179 536 172
359 62 366 63
531 267 537 263
121 191 120 198
274 194 267 195
535 274 541 269
584 88 582 95
576 328 573 321
169 232 173 226
430 342 430 350
33 353 28 348
53 258 45 258
227 243 234 243
95 319 91 325
167 106 164 113
574 328 573 321
450 171 453 178
291 86 284 87
153 268 158 263
533 91 534 98
323 353 330 353
251 13 244 13
534 91 534 98
61 37 68 36
438 176 433 181
452 205 446 209
622 248 616 244
623 241 616 244
19 168 12 169
423 342 430 342
533 84 533 91
489 152 492 159
96 335 89 338
229 94 233 100
139 58 144 53
58 96 58 104
318 358 323 353
38 34 43 29
202 253 197 259
190 246 193 253
605 303 599 299
540 184 534 179
418 31 415 38
559 165 559 158
332 374 333 367
340 367 333 367
626 254 622 248
80 260 86 257
629 236 623 241
340 369 333 367
401 193 409 193
408 36 415 38
429 357 430 350
603 226 599 232
423 274 430 277
300 345 300 337
218 382 224 378
532 77 533 84
433 363 429 357
277 4 275 11
611 308 605 303
379 246 380 239
289 168 285 174
365 159 358 156
544 106 537 104
244 384 238 380
42 383 48 387
610 308 605 303
283 107 282 100
110 223 105 228
111 211 105 208
428 260 435 263
549 285 556 284
232 53 229 46
636 235 629 236
535 77 533 84
612 304 605 303
533 76 533 84
81 307 75 311
616 313 611 308
18 209 24 206
639 229 636 235
293 38 288 33
615 314 611 308
577 335 576 328
422 166 426 172
344 361 340 367
41 252 45 258
294 186 289 180
369 56 366 63
293 348 300 345
605 219 603 226
401 33 408 36
123 108 130 107
183 247 190 246
437 369 433 363
371 76 366 70
330 191 324 195
291 226 298 227
401 74 402 81
370 57 366 63
111 160 119 160
623 316 616 313
251 381 244 384
351 364 344 361
577 342 577 335
570 301 577 300
461 302 457 308
534 69 533 76
3 119 7 125
590 249 588 242
304 241 311 241
428 43 424 49
168 119 164 113
130 361 137 364
279 72 282 79
135 112 130 107
293 318 301 318
389 153 391 146
144 158 150 154
564 324 569 319
237 387 238 380
508 189 505 182
495 132 502 132
46 80 52 76
166 186 171 192
139 395 132 394
529 64 534 69
148 273 153 268
622 309 623 316
354 76 361 76
317 211 321 217
45 402 45 394
583 141 576 143
250 374 251 381
424 362 429 357
193 265 197 259
525 77 532 77
33 379 26 378
15 162 19 168
178 317 171 320
93 20 99 24
425 194 421 200
610 214 605 219
297 44 293 38
19 161 19 168
193 371 199 368
529 57 529 64
271 21 278 24
583 167 584 160
140 194 133 193
234 60 232 53
419 280 423 274
26 328 25 335
565 169 559 165
356 369 351 364
562 331 564 324
561 331 564 324
452 164 450 171
132 401 132 394
121 40 118 33
166 365 162 371
630 316 623 316
51 188 47 182
468 270 462 274
602 286 601 293
222 202 217 207
288 313 293 318
287 74 282 79
508 169 504 163
103 395 106 388
117 223 110 223
175 236 169 232
469 271 462 274
82 341 89 338
280 214 287 211
347 74 354 76
412 282 419 280
444 372 437 369
529 50 529 57
296 111 298 104
399 245 401 238
560 338 561 331
22 92 15 91
285 222 291 226
321 156 329 156
632 228 639 229
388 223 395 222
127 12 122 6
361 374 356 369
646 229 639 229
609 207 610 214
158 72 165 71
635 321 630 316
368 87 362 83
258 384 251 381
377 80 371 76
46 220 42 214
424 369 424 362
245 152 243 159
368 49 369 56
171 375 165 378
249 175 243 171
609 251 609 244
402 67 401 74
653 231 646 229
11 341 18 342
134 12 127 12
441 203 446 209
379 232 380 239
256 370 250 374
375 151 371 145
642 323 635 321
96 395 103 395
185 2 186 9
289 306 288 313
224 177 224 169
294 72 287 74
384 171 377 172
508 223 509 230
240 98 233 100
128 60 127 67
33 242 34 235
286 337 293 336
571 164 565 169
614 202 609 207
656 224 653 231
551 158 556 152
122 62 127 67
231 67 234 60
610 200 609 207
230 66 234 60
74 287 67 286
648 222 646 229
508 223 509 230
144 390 139 395
398 109 400 102
614 321 615 314
151 139 158 139
524 44 529 50
347 343 340 345
648 215 648 222
284 114 283 107
660 218 656 224
557 322 564 324
647 328 642 323
283 319 288 313
18 105 16 98
65 94 58 96
546 304 546 297
120 230 117 223
405 285 412 282
659 217 656 224
120 175 126 178
502 246 508 242
42 315 49 317
545 304 546 297
345 16 338 17
648 327 642 323
374 91 368 87
405 282 412 282
33 130 26 129
421 258 428 260
224 62 230 66
580 349 577 342
517 172 517 164
207 369 214 368
108 0 108 8
476 271 469 271
71 353 70 360
220 195 222 202
190 378 193 371
426 160 422 166
583 149 583 141
609 293 601 293
107 375 114 376
627 304 622 309
136 206 131 200
308 290 309 297
283 302 289 306
125 163 119 160
91 345 89 338
203 9 210 6
301 234 298 227
371 98 374 91
161 125 167 129
653 332 648 327
214 256 211 263
237 235 245 235
440 169 438 176
536 48 529 50
667 221 660 218
422 335 423 342
294 135 287 135
286 349 293 348
9 21 3 16
649 335 647 328
240 192 247 190
617 216 610 214
352 19 345 16
529 278 535 274
71 152 70 145
86 18 93 20
466 280 462 274
634 301 627 304
207 195 199 195
163 236 169 232
56 193 51 188
41 225 46 220
249 36 250 43
604 196 610 200
659 328 653 332
516 44 524 44
655 238 653 231
581 82 584 88
182 217 189 220
644 316 642 323
428 36 428 43
673 225 667 221
409 172 414 178
298 83 291 86
355 56 359 62
306 283 308 290
163 149 158 154
183 377 190 378
72 93 65 94
616 209 617 216
73 233 80 236
662 211 659 217
257 119 252 124
473 361 480 358
309 335 303 330
277 298 283 302
518 77 525 77
579 230 572 231
416 331 422 335
661 210 659 217
279 337 286 337
257 391 258 384
417 360 424 362
274 185 267 188
176 17 179 10
262 200 267 195
28 360 25 367
415 54 417 61
69 138 62 141
627 223 632 228
326 161 321 156
667 206 662 211
553 339 560 338
662 203 661 210
13 364 18 369
480 309 479 316
429 334 422 335
630 248 626 254
482 153 489 152
92 401 96 395
664 203 661 210
46 309 42 315
653 341 649 335
272 340 279 337
574 353 580 349
396 28 401 33
667 196 664 203
361 52 355 56
666 196 664 203
138 83 142 77
365 209 372 209
170 391 170 384
59 186 56 193
311 361 318 358
658 197 662 203
583 133 583 141
50 303 46 309
302 277 306 283
366 379 361 374
143 165 144 158
655 200 662 203
73 259 80 260
271 301 277 298
50 138 57 136
56 30 61 25
326 150 321 156
119 205 120 198
338 10 338 17
370 385 366 379
62 10 67 4
294 355 293 348
575 95 582 95
545 189 540 184
287 143 287 135
449 377 444 372
37 16 44 19
327 198 330 191
475 368 473 361
448 384 449 377
531 186 534 179
357 360 351 364
138 170 143 165
516 36 516 44
663 322 659 328
243 145 245 152
295 277 302 277
522 63 529 64
398 282 405 282
67 263 73 259
659 244 655 238
139 7 134 12
331 381 332 374
277 114 284 114
349 190 356 188
415 324 416 331
516 228 509 230
146 179 139 181
101 371 107 375
5 310 12 313
465 344 470 339
41 86 46 80
322 204 327 198
578 359 574 353
241 373 238 380
40 244 33 242
495 148 489 152
41 235 34 235
33 114 28 119
561 175 565 169
29 275 22 273
457 159 452 164
658 347 653 341
74 4 67 4
389 27 396 28
538 305 545 304
40 130 33 130
556 223 553 230
679 229 673 225
623 261 626 254
415 274 419 280
203 311 210 311
122 369 127 374
145 128 152 126
410 67 402 67
670 189 667 196
263 100 263 92
546 341 553 339
356 379 361 374
261 113 257 119
664 351 658 347
79 163 73 167
264 394 257 391
550 195 545 189
152 29 152 37
29 248 33 242
669 189 667 196
670 355 664 351
101 171 107 167
670 319 663 322
606 189 604 196
339 207 342 200
36 188 40 182
94 369 101 371
663 250 659 244
601 309 605 303
562 219 556 223
60 68 53 69
675 235 679 229
592 233 599 232
667 358 664 351
12 141 4 141
504 117 510 121
428 207 420 207
138 131 145 128
583 75 581 82
410 359 417 360
161 181 166 186
587 347 580 349
54 390 48 387
426 311 433 314
218 151 222 157
181 284 176 279
265 341 272 340
327 143 326 150
452 390 448 384
677 190 670 189
63 219 66 212
364 358 357 360
527 225 531 231
168 206 170 199
154 66 158 72
222 94 229 94
482 368 475 368
283 11 279 17
663 364 667 358
574 365 578 359
145 27 152 29
666 329 659 328
660 371 663 364
88 352 91 345
122 211 119 205
397 21 396 28
156 243 152 249
571 372 574 365
498 114 504 117
360 352 364 358
90 313 95 319
391 283 398 282
22 183 24 190
289 233 291 226
35 271 29 275
358 162 365 159
648 239 655 238
533 310 538 305
153 258 158 263
486 374 482 368
274 121 277 114
398 147 391 146
372 161 365 159
70 379 65 374
674 313 670 319
13 320 12 313
158 345 157 352
618 196 614 202
602 205 609 207
14 39 9 34
1 269 8 266
476 226 473 233
177 394 170 391
288 274 295 277
86 161 79 163
679 183 677 190
590 256 590 249
276 320 283 319
125 401 132 401
53 200 56 193
143 204 136 206
685 179 679 183
403 17 397 21
257 399 257 391
391 290 391 283
156 23 152 29
516 84 518 77
283 198 283 205
442 387 448 384
75 16 77 23
74 180 68 176
5 337 11 341
470 350 477 351
492 109 498 114
550 347 546 341
355 84 362 83
378 118 383 123
457 222 452 227
81 353 88 352
543 45 536 48
509 35 516 36
428 293 435 291
590 354 587 347
364 129 365 122
540 345 546 341
263 60 263 52
63 345 56 342
593 303 599 299
470 314 463 312
20 234 27 234
552 188 545 189
691 182 685 179
685 233 679 229
651 206 655 200
485 381 486 374
249 135 255 131
690 174 685 179
408 324 415 324
685 172 685 179
230 87 229 94
639 221 639 229
488 103 492 109
566 377 571 372
344 185 349 190
565 377 571 372
259 206 262 200
541 67 534 69
394 98 400 102
286 267 288 274
388 276 391 283
95 308 90 313
685 165 685 172
405 354 410 359
341 190 349 190
167 177 161 181
614 329 614 321
685 165 685 172
518 57 522 63
563 133 568 138
359 386 356 379
152 341 158 345
22 39 14 39
419 308 426 311
668 309 674 313
162 229 163 236
222 388 218 382
265 296 271 301
387 269 388 276
353 390 359 386
566 385 566 377
150 334 152 341
502 108 498 114
68 273 64 279
373 113 378 118
425 28 418 31
65 316 72 318
360 393 359 386
544 159 551 158
370 362 364 358
364 109 357 111
58 303 50 303
667 182 669 189
594 360 590 354
151 174 146 179
84 200 81 207
479 302 480 309
176 289 181 284
560 388 566 385
664 303 668 309
312 368 311 361
549 41 543 45
542 256 536 252
689 239 685 233
536 191 531 186
327 12 324 19
215 339 209 343
634 310 630 316
245 30 249 36
79 227 87 227
80 38 86 34
436 390 442 387
601 361 594 360
565 393 560 388
685 158 685 165
682 158 685 165
237 243 237 235
361 136 364 129
351 50 355 56
568 93 575 95
333 148 326 150
509 28 509 35
408 147 413 142
411 308 419 308
371 202 372 209
555 37 549 41
538 40 543 45
124 84 121 91
550 34 549 41
494 99 488 103
326 386 331 381
667 374 660 371
306 372 312 368
9 158 15 162
681 316 674 313
513 72 518 77
678 152 682 158
298 28 298 20
567 362 574 365
328 388 331 381
1
10 10
